1000
1021
1045
1073
1089
1093
1104
1108
1138
1144
1145
1169
1198
1198
1209
1214
1223
1231
1254
1254
1265
1266
1275
1285
1290
1300
1304
1309
1312
1324
1343
1376
1380
1390
1392
1394
1398
1409
1443
1451
1456
1462
1464
1471
1472
1488
1488
1505
1511
1514
1517
1525
1525
1538
1551
1552
1567
1577
1581
1584
1584
1588
1590
1600
1612
1613
1614
1616
1653
1654
1654
1658
1661
1662
1665
1677
1687
1710
1715
1716
1717
1723
1726
1750
1754
1761
1765
1780
1789
1797
1806
1811
1815
1817
1824
1828
1828
1831
1837
1848
1851
1851
1859
1866
1867
1870
1874
1890
1892
1893
1896
1901
1918
1920
1922
1923
1926
1927
1928
1935
1940
1952
1953
1955
1967
1969
1969
1973
1975
1975
1979
1989
2001
2005
2007
2013
2013
2017
2029
2037
2053
2056
2057
2063
2063
2064
2071
2073
2082
2083
2084
2086
2088
2092
2094
2099
2106
2121
2121
2123
2126
2139
2142
2146
2163
2164
2165
2167
2170
2170
2171
2171
2176
2176
2178
2186
2187
2188
2193
2198
2204
2204
2205
2208
2216
2220
2221
2222
2230
2230
2242
2247
2252
2253
2258
2259
2263
2274
2279
2280
2286
2289
2292
2296
2300
2301
2302
2304
2306
2312
2325
2325
2332
2332
2334
2341
2354
2355
2360
2363
2367
2368
2371
2375
2376
2388
2390
2400
2404
2420
2426
2428
2432
2434
2440
2440
2443
2454
2460
2470
2473
2480
2482
2484
2490
2494
2495
2496
2501
2505
2511
2513
2517
2519
2520
2523
2534
2539
2540
2540
2540
2545
2547
2547
2550
2557
2557
2567
2568
2572
2573
2574
2575
2581
2586
2587
2589
2601
2601
2602
2602
2607
2608
2612
2616
2625
2629
2636
2638
2639
2645
2646
2657
2661
2662
2669
2673
2674
2679
2681
2686
2695
2697
2698
2700
2700
2701
2704
2709
2710
2716
2719
2719
2719
2721
2734
2734
2737
2740
2740
2749
2753
2755
2756
2758
2766
2767
2770
2773
2776
2783
2784
2784
2787
2788
2805
2808
2809
2813
2814
2816
2822
2824
2825
2829
2834
2834
2836
2840
2842
2851
2855
2856
2858
2860
2860
2863
2863
2868
2871
2873
2873
2878
2882
2883
2887
2888
2888
2889
2890
2891
2893
2895
2896
2897
2899
2906
2909
2917
2919
2921
2922
2925
2927
2928
2934
2935
2936
2942
2944
2944
2945
2946
2951
2952
2956
2957
2959
2962
2964
2965
2965
2965
2966
2968
2969
2981
2984
2985
2985
2990
2994
2995
2996
2999
3010
3010
3010
3011
3012
3013
3019
3023
3027
3028
3028
3029
3029
3029
3031
3031
3032
3038
3038
3040
3041
3049
3050
3052
3057
3058
3061
3061
3063
3069
3070
3072
3076
3077
3081
3083
3090
3095
3096
3096
3097
3109
3112
3113
3113
3114
3117
3124
3126
3127
3131
3133
3140
3146
3147
3151
3151
3156
3159
3161
3163
3167
3169
3171
3171
3182
3183
3184
3193
3194
3195
3197
3200
3201
3204
3206
3211
3218
3221
3227
3230
3232
3234
3236
3240
3245
3246
3249
3253
3254
3256
3257
3257
3265
3266
3269
3269
3271
3275
3277
3279
3280
3285
3288
3288
3289
3294
3296
3297
3300
3305
3312
3314
3318
3320
3320
3331
3334
3338
3340
3345
3345
3346
3348
3350
3360
3363
3363
3364
3366
3367
3368
3369
3370
3371
3375
3375
3378
3380
3380
3380
3381
3387
3387
3391
3398
3400
3401
3402
3404
3407
3410
3412
3416
3421
3424
3431
3433
3434
3434
3442
3444
3449
3461
3463
3465
3469
3470
3471
3471
3472
3476
3476
3477
3478
3479
3482
3482
3485
3485
3490
3490
3492
3498
3510
3512
3512
3515
3516
3516
3519
3520
3525
3525
3527
3529
3532
3533
3534
3535
3543
3548
3550
3551
3556
3556
3558
3559
3562
3562
3563
3564
3566
3568
3569
3570
3571
3574
3577
3577
3579
3588
3591
3594
3596
3605
3609
3611
3612
3612
3613
3614
3616
3617
3618
3623
3623
3625
3626
3626
3629
3630
3631
3634
3634
3634
3636
3637
3639
3639
3641
3642
3643
3643
3645
3646
3646
3647
3649
3649
3652
3653
3654
3654
3661
3662
3662
3668
3670
3673
3675
3678
3678
3679
3680
3680
3683
3683
3684
3685
3694
3700
3701
3704
3705
3705
3708
3711
3711
3714
3714
3717
3721
3725
3727
3728
3730
3731
3734
3741
3743
3745
3746
3747
3751
3756
3756
3759
3759
3759
3760
3761
3761
3763
3764
3765
3768
3770
3772
3776
3776
3777
3786
3787
3789
3789
3790
3792
3793
3795
3796
3800
3801
3802
3803
3805
3808
3813
3813
3820
3820
3820
3829
3829
3833
3836
3837
3838
3838
3842
3844
3845
3845
3846
3847
3848
3849
3850
3851
3851
3853
3854
3856
3858
3859
3862
3865
3869
3870
3873
3875
3877
3879
3880
3883
3884
3884
3887
3891
3892
3892
3893
3894
3896
3897
3897
3900
3901
3903
3904
3908
3909
3910
3912
3913
3914
3917
3920
3920
3921
3922
3923
3923
3928
3929
3929
3930
3931
3931
3932
3933
3934
3935
3936
3939
3940
3945
3956
3957
3958
3958
3960
3963
3964
3965
3968
3968
3969
3975
3980
3981
3982
3984
3988
3989
3992
3995
3996
4002
4002
4002
4002
4004
4005
4010
4010
4010
4011
4013
4019
4021
4023
4023
4024
4025
4025
4025
4028
4030
4031
4032
4035
4036
4038
4038
4039
4041
4045
4045
4045
4050
4054
4054
4056
4056
4058
4058
4060
4063
4063
4065
4066
4068
4068
4069
4073
4075
4076
4077
4083
4083
4085
4088
4089
4093
4096
4098
4100
4103
4107
4109
4110
4112
4114
4114
4116
4117
4119
4125
4126
4131
4132
4132
4133
4133
4135
4138
4139
4141
4142
4142
4144
4145
4146
4148
4151
4151
4151
4155
4155
4157
4161
4164
4165
4167
4167
4168
4173
4175
4175
4176
4178
4181
4186
4189
4194
4207
4209
4213
4217
4218
4218
4219
4223
4224
4225
4225
4225
4226
4227
4228
4230
4230
4232
4235
4235
4235
4236
4237
4237
4241
4241
4247
4251
4254
4255
4255
4257
4260
4263
4264
4265
4271
4272
4272
4274
4274
4274
4280
4280
4282
4282
4283
4285
4287
4292
4293
4296
4297
4297
4301
4302
4303
4303
4304
4304
4304
4305
4314
4314
4314
4316
4318
4318
4321
4324
4324
4325
4331
4331
4332
4332
4333
4333
4334
4335
4335
4340
4343
4344
4348
4348
4348
4351
4356
4357
4364
4367
4367
4376
4378
4380
4382
4383
4385
4386
4388
4389
4389
4390
4390
4392
4392
4393
4394
4394
4394
4394
4394
4397
4397
4398
4402
4402
4405
4406
4407
4410
4412
4415
4415
4422
4422
4423
4423
4426
4426
4426
4427
4428
4428
4432
4433
4434
4435
4435
4438
4440
4441
4443
4446
4446
4449
4455
4456
4458
4462
4465
4465
4466
4473
4474
4474
4478
4480
4480
4481
4482
4483
4484
4485
4485
4485
4491
4492
4493
4494
4494
4497
4498
4498
4501
4502
4503
4503
4507
4507
4508
4509
4509
4511
4511
4511
4511
4512
4513
4514
4515
4516
4518
4519
4524
4528
4529
4529
4530
4531
4531
4533
4534
4536
4537
4541
4542
4544
4544
4545
4550
4551
4552
4552
4553
4554
4555
4558
4559
4559
4559
4566
4566
4567
4571
4575
4576
4576
4578
4580
4587
4587
4590
4591
4593
4593
4594
4595
4598
4599
4599
4600
4603
4605
4606
4608
4612
4612
4613
4613
4614
4616
4620
4621
4622
4623
4623
4625
4626
4629
4637
4638
4639
4639
4641
4641
4642
4644
4649
4651
4651
4659
4660
4661
4661
4662
4664
4666
4666
4666
4666
4666
4672
4675
4678
4679
4680
4682
4686
4686
4691
4691
4692
4693
4700
4700
4702
4704
4706
4707
4709
4710
4711
4712
4712
4718
4719
4720
4721
4721
4721
4722
4722
4723
4728
4730
4730
4730
4731
4732
4732
4735
4736
4737
4738
4742
4744
4746
4746
4748
4748
4749
4752
4753
4755
4758
4760
4761
4763
4763
4765
4767
4767
4767
4769
4769
4770
4772
4773
4775
4775
4776
4776
4778
4781
4781
4781
4782
4783
4783
4785
4787
4788
4789
4790
4792
4792
4796
4797
4802
4802
4802
4803
4804
4805
4807
4808
4811
4816
4816
4816
4817
4819
4819
4820
4821
4823
4824
4824
4825
4827
4830
4831
4832
4832
4835
4836
4837
4838
4838
4838
4843
4843
4846
4848
4850
4851
4852
4858
4859
4860
4863
4863
4865
4866
4866
4867
4868
4868
4870
4871
4872
4872
4873
4876
4876
4876
4878
4881
4884
4884
4888
4889
4890
4890
4892
4894
4895
4897
4897
4901
4903
4906
4907
4908
4910
4910
4912
4912
4915
4915
4917
4918
4919
4925
4927
4929
4931
4932
4933
4936
4937
4939
4939
4940
4941
4942
4944
4947
4951
4951
4951
4952
4959
4962
4963
4966
4966
4967
4969
4970
4971
4972
4976
4977
4980
4982
4982
4983
4984
4986
4988
4989
4990
4990
4991
4991
4992
4993
4993
4998
4999
5002
5002
5003
5004
5004
5005
5006
5010
5011
5015
5017
5018
5019
5021
5021
5022
5023
5024
5024
5025
5026
5026
5029
5030
5032
5033
5037
5037
5038
5039
5039
5042
5042
5043
5045
5045
5045
5047
5048
5048
5048
5048
5051
5051
5052
5052
5055
5056
5057
5058
5058
5060
5062
5062
5062
5064
5064
5064
5065
5065
5066
5066
5070
5070
5071
5072
5074
5075
5078
5080
5080
5080
5081
5082
5085
5096
5097
5097
5098
5101
5101
5102
5104
5105
5108
5109
5111
5111
5113
5116
5116
5119
5119
5121
5121
5122
5123
5124
5124
5129
5131
5133
5134
5134
5135
5136
5137
5140
5144
5144
5145
5145
5146
5146
5148
5148
5148
5149
5151
5151
5151
5159
5161
5165
5166
5168
5168
5169
5170
5176
5179
5179
5180
5181
5181
5181
5183
5186
5190
5192
5192
5194
5194
5197
5197
5198
5206
5207
5207
5208
5210
5210
5210
5211
5215
5217
5217
5218
5221
5221
5222
5226
5227
5229
5229
5230
5231
5232
5233
5234
5236
5240
5241
5246
5249
5249
5252
5259
5260
5262
5263
5264
5264
5264
5264
5265
5265
5269
5271
5271
5272
5273
5274
5275
5280
5282
5283
5286
5286
5287
5288
5289
5290
5291
5291
5294
5296
5298
5298
5301
5301
5302
5303
5306
5307
5312
5313
5317
5318
5319
5322
5322
5322
5323
5324
5324
5326
5326
5328
5328
5330
5332
5332
5334
5334
5338
5339
5342
5343
5344
5346
5347
5349
5350
5351
5352
5353
5353
5353
5354
5357
5359
5359
5361
5361
5362
5362
5363
5364
5365
5365
5367
5369
5371
5373
5380
5380
5383
5385
5388
5389
5392
5395
5397
5397
5397
5398
5398
5398
5399
5400
5403
5404
5405
5406
5406
5407
5408
5408
5410
5411
5415
5416
5417
5417
5418
5418
5418
5418
5421
5422
5422
5424
5424
5426
5426
5426
5427
5428
5429
5429
5430
5430
5431
5431
5432
5432
5432
5433
5435
5435
5441
5443
5443
5445
5445
5446
5447
5448
5449
5452
5454
5455
5456
5461
5464
5468
5469
5470
5470
5471
5471
5472
5472
5474
5474
5475
5475
5478
5479
5480
5481
5486
5486
5486
5487
5488
5491
5492
5495
5498
5499
5499
5501
5503
5505
5507
5507
5511
5511
5515
5515
5519
5519
5519
5521
5522
5522
5523
5525
5528
5528
5529
5530
5532
5532
5533
5533
5533
5536
5537
5538
5539
5539
5540
5542
5545
5546
5548
5548
5548
5549
5550
5551
5553
5555
5556
5558
5559
5561
5562
5564
5565
5566
5568
5569
5570
5571
5573
5574
5574
5574
5576
5577
5578
5578
5578
5582
5583
5583
5584
5584
5586
5587
5587
5593
5593
5593
5594
5600
5600
5601
5602
5604
5606
5609
5610
5613
5613
5618
5620
5620
5621
5623
5623
5624
5626
5628
5628
5629
5629
5631
5632
5632
5634
5634
5634
5634
5635
5638
5641
5641
5642
5642
5644
5645
5645
5650
5652
5654
5656
5657
5657
5658
5661
5662
5662
5663
5664
5664
5667
5668
5672
5672
5673
5674
5674
5674
5675
5678
5679
5682
5683
5686
5691
5693
5694
5697
5699
5700
5701
5703
5704
5705
5705
5706
5706
5707
5710
5712
5713
5713
5714
5717
5717
5717
5718
5718
5718
5719
5720
5723
5724
5724
5727
5727
5728
5728
5729
5730
5733
5733
5735
5735
5741
5741
5743
5743
5745
5746
5747
5748
5751
5753
5756
5757
5758
5759
5762
5763
5764
5765
5766
5766
5767
5767
5769
5770
5773
5773
5774
5776
5780
5781
5781
5783
5783
5783
5783
5785
5786
5786
5786
5787
5787
5788
5795
5796
5799
5800
5805
5806
5806
5810
5811
5814
5815
5817
5819
5820
5820
5825
5825
5827
5827
5827
5828
5828
5829
5831
5832
5833
5835
5836
5836
5838
5841
5841
5843
5843
5845
5845
5847
5847
5849
5851
5853
5854
5856
5858
5858
5859
5861
5862
5863
5863
5865
5867
5867
5867
5869
5869
5870
5870
5871
5871
5876
5877
5879
5879
5880
5884
5885
5887
5889
5889
5891
5893
5894
5894
5895
5895
5896
5900
5901
5901
5902
5904
5904
5906
5906
5906
5908
5913
5914
5915
5926
5927
5930
5935
5936
5937
5937
5938
5939
5940
5942
5942
5944
5945
5946
5946
5946
5947
5954
5956
5957
5957
5958
5960
5960
5963
5963
5963
5963
5964
5964
5964
5967
5967
5969
5970
5970
5972
5979
5980
5981
5982
5983
5984
5986
5986
5987
5992
5997
6000
6000
6007
6007
6009
6012
6012
6016
6017
6018
6020
6021
6021
6022
6022
6024
6024
6025
6029
6030
6032
6032
6033
6036
6036
6037
6038
6043
6043
6043
6044
6044
6045
6047
6047
6047
6048
6051
6052
6052
6053
6053
6053
6054
6059
6061
6063
6063
6064
6067
6068
6068
6070
6071
6071
6072
6074
6076
6076
6077
6078
6078
6081
6082
6085
6085
6085
6085
6085
6085
6086
6086
6090
6090
6090
6091
6092
6095
6096
6098
6099
6100
6102
6103
6106
6106
6107
6107
6107
6110
6110
6111
6115
6115
6117
6117
6118
6119
6120
6121
6123
6124
6125
6126
6127
6127
6127
6129
6130
6130
6130
6131
6135
6135
6136
6138
6138
6138
6140
6140
6141
6143
6143
6144
6145
6145
6145
6146
6149
6150
6154
6154
6156
6158
6158
6159
6159
6159
6161
6163
6164
6165
6167
6168
6170
6172
6174
6175
6176
6177
6179
6180
6182
6182
6182
6184
6184
6185
6185
6190
6190
6192
6195
6197
6197
6198
6200
6201
6201
6202
6202
6202
6202
6203
6205
6206
6209
6210
6211
6215
6215
6217
6218
6222
6224
6225
6226
6228
6229
6229
6230
6231
6232
6233
6233
6233
6237
6237
6237
6237
6239
6240
6241
6243
6245
6245
6249
6253
6254
6256
6257
6257
6258
6258
6258
6258
6258
6260
6261
6262
6262
6263
6264
6264
6264
6267
6269
6270
6272
6276
6276
6278
6281
6281
6284
6285
6286
6286
6287
6290
6291
6291
6292
6295
6296
6298
6298
6298
6299
6301
6301
6301
6302
6302
6306
6306
6306
6306
6307
6307
6309
6310
6316
6316
6317
6318
6318
6320
6322
6322
6323
6324
6325
6327
6328
6331
6333
6334
6336
6340
6341
6342
6343
6343
6344
6345
6345
6345
6349
6349
6350
6351
6352
6352
6354
6354
6357
6359
6361
6363
6365
6368
6369
6374
6375
6376
6376
6377
6377
6379
6381
6381
6382
6383
6383
6384
6385
6386
6386
6388
6388
6389
6391
6391
6391
6392
6393
6395
6396
6396
6397
6398
6399
6400
6401
6401
6403
6403
6403
6403
6407
6407
6409
6410
6411
6412
6414
6414
6414
6415
6415
6416
6418
6421
6423
6424
6425
6426
6427
6427
6428
6429
6430
6430
6431
6432
6432
6433
6435
6435
6436
6436
6437
6441
6442
6442
6444
6444
6444
6444
6445
6447
6448
6448
6450
6451
6451
6452
6452
6453
6453
6453
6454
6454
6454
6458
6459
6460
6462
6463
6464
6464
6468
6469
6470
6470
6470
6474
6475
6476
6476
6478
6479
6479
6480
6484
6485
6486
6487
6489
6489
6489
6489
6490
6491
6493
6495
6495
6495
6498
6499
6500
6500
6501
6505
6506
6506
6509
6509
6510
6510
6511
6511
6513
6513
6515
6518
6518
6522
6525
6528
6528
6530
6532
6533
6536
6537
6537
6538
6539
6541
6542
6542
6544
6544
6547
6547
6547
6547
6548
6548
6548
6549
6549
6550
6550
6552
6553
6553
6554
6557
6558
6559
6559
6559
6562
6562
6562
6564
6565
6566
6566
6567
6568
6569
6571
6572
6573
6575
6575
6576
6576
6577
6578
6581
6582
6583
6583
6584
6585
6588
6589
6591
6592
6592
6593
6593
6593
6593
6595
6596
6598
6598
6598
6600
6600
6600
6601
6601
6602
6604
6605
6605
6605
6606
6608
6609
6609
6610
6611
6611
6611
6612
6613
6613
6614
6616
6616
6618
6618
6619
6621
6622
6622
6625
6626
6628
6631
6633
6635
6636
6636
6637
6637
6639
6640
6642
6644
6645
6648
6649
6651
6651
6655
6656
6657
6657
6658
6658
6660
6661
6663
6663
6663
6665
6665
6668
6671
6671
6673
6675
6676
6677
6681
6681
6685
6685
6685
6687
6688
6690
6690
6690
6692
6693
6698
6699
6699
6699
6702
6702
6703
6704
6705
6707
6708
6709
6709
6711
6712
6713
6713
6714
6714
6716
6717
6717
6717
6718
6718
6719
6720
6721
6722
6722
6723
6725
6725
6726
6728
6728
6728
6728
6730
6730
6731
6731
6731
6733
6735
6737
6739
6741
6741
6742
6743
6744
6745
6747
6750
6751
6753
6754
6755
6756
6756
6757
6761
6762
6763
6763
6765
6766
6766
6766
6768
6771
6771
6772
6772
6773
6774
6777
6777
6778
6779
6779
6780
6781
6782
6783
6783
6783
6784
6784
6785
6785
6786
6786
6789
6793
6793
6793
6794
6796
6797
6804
6806
6807
6809
6809
6810
6810
6810
6817
6820
6822
6823
6824
6824
6826
6829
6832
6832
6834
6834
6834
6835
6836
6836
6839
6841
6841
6842
6842
6842
6844
6844
6844
6844
6850
6851
6852
6852
6854
6854
6856
6856
6859
6860
6863
6865
6865
6865
6865
6870
6870
6873
6875
6875
6875
6876
6878
6878
6878
6883
6890
6892
6895
6896
6896
6896
6898
6901
6903
6903
6904
6907
6907
6907
6907
6908
6908
6909
6911
6912
6912
6914
6916
6918
6918
6918
6919
6919
6919
6922
6923
6925
6927
6927
6927
6929
6930
6932
6933
6933
6933
6934
6935
6936
6937
6939
6939
6939
6941
6942
6942
6943
6943
6944
6945
6946
6947
6948
6949
6950
6951
6953
6953
6957
6958
6961
6961
6963
6965
6965
6965
6965
6970
6971
6973
6974
6977
6978
6978
6979
6980
6981
6983
6983
6986
6987
6989
6990
6994
6995
6996
7000
7000
7000
7004
7004
7005
7008
7008
7008
7008
7008
7008
7009
7010
7011
7011
7012
7017
7018
7019
7020
7022
7024
7025
7027
7028
7028
7029
7029
7030
7030
7031
7031
7032
7032
7033
7035
7036
7037
7037
7037
7039
7040
7042
7042
7043
7044
7045
7045
7047
7047
7047
7050
7050
7050
7052
7052
7053
7053
7055
7057
7058
7061
7061
7062
7065
7065
7067
7069
7069
7069
7070
7073
7075
7076
7076
7076
7076
7078
7079
7080
7080
7081
7083
7084
7084
7085
7091
7091
7093
7095
7095
7096
7096
7096
7097
7099
7103
7104
7106
7107
7107
7108
7109
7111
7112
7113
7115
7116
7116
7117
7121
7122
7124
7125
7126
7127
7128
7128
7129
7129
7132
7132
7136
7138
7139
7139
7140
7142
7143
7143
7144
7144
7146
7148
7149
7153
7156
7156
7156
7157
7161
7163
7164
7165
7166
7166
7166
7167
7167
7167
7168
7170
7171
7173
7174
7175
7175
7175
7175
7177
7178
7178
7179
7179
7180
7182
7184
7186
7188
7189
7192
7193
7193
7193
7194
7194
7195
7195
7197
7198
7198
7199
7202
7205
7205
7206
7207
7211
7211
7212
7214
7215
7217
7217
7218
7218
7219
7220
7221
7221
7223
7223
7223
7223
7224
7225
7226
7226
7226
7228
7228
7230
7231
7233
7236
7238
7238
7239
7239
7240
7240
7241
7242
7242
7243
7243
7244
7245
7247
7250
7252
7252
7253
7253
7253
7254
7255
7256
7256
7257
7257
7259
7259
7260
7260
7260
7261
7261
7261
7264
7264
7266
7268
7271
7273
7273
7274
7277
7278
7280
7280
7282
7282
7283
7283
7283
7285
7286
7286
7287
7288
7288
7289
7290
7291
7292
7301
7302
7303
7303
7305
7305
7305
7305
7307
7308
7310
7310
7310
7312
7313
7314
7315
7316
7320
7320
7320
7320
7322
7323
7324
7325
7325
7325
7329
7330
7332
7332
7335
7336
7338
7339
7339
7341
7342
7342
7343
7347
7349
7350
7351
7354
7355
7358
7358
7359
7360
7361
7364
7365
7367
7367
7371
7372
7373
7374
7375
7376
7377
7379
7381
7381
7382
7382
7383
7387
7388
7388
7390
7391
7393
7393
7395
7397
7398
7400
7403
7403
7406
7407
7409
7409
7409
7411
7413
7416
7417
7417
7418
7423
7423
7427
7427
7428
7429
7430
7430
7430
7431
7433
7434
7434
7435
7436
7436
7439
7440
7443
7444
7445
7446
7446
7447
7449
7452
7453
7456
7456
7457
7458
7458
7459
7459
7462
7463
7464
7465
7465
7466
7468
7468
7470
7470
7471
7471
7472
7473
7475
7475
7475
7476
7479
7484
7487
7488
7493
7493
7496
7496
7497
7499
7500
7501
7501
7502
7504
7506
7506
7509
7509
7510
7511
7512
7514
7516
7517
7519
7519
7520
7520
7521
7521
7523
7525
7526
7526
7528
7528
7529
7529
7529
7531
7533
7534
7534
7536
7537
7537
7539
7540
7541
7542
7542
7543
7544
7544
7545
7546
7547
7549
7550
7552
7552
7553
7553
7553
7554
7556
7557
7557
7562
7563
7563
7563
7563
7563
7564
7566
7569
7569
7570
7571
7571
7571
7572
7572
7572
7573
7573
7578
7579
7580
7583
7583
7586
7587
7587
7589
7589
7591
7592
7592
7596
7597
7599
7600
7601
7603
7603
7605
7606
7607
7610
7610
7612
7612
7613
7614
7614
7617
7619
7620
7622
7623
7624
7624
7625
7625
7626
7626
7627
7629
7629
7631
7633
7633
7633
7634
7634
7636
7637
7638
7638
7639
7640
7640
7642
7642
7643
7643
7643
7645
7645
7646
7646
7647
7647
7647
7648
7649
7650
7650
7652
7653
7654
7656
7656
7656
7658
7659
7660
7660
7666
7668
7669
7669
7673
7674
7674
7674
7674
7676
7676
7678
7680
7684
7685
7688
7692
7694
7696
7696
7696
7697
7698
7700
7703
7703
7707
7707
7708
7708
7709
7709
7710
7711
7712
7712
7715
7716
7716
7717
7717
7719
7721
7726
7726
7727
7727
7728
7728
7729
7730
7733
7734
7734
7734
7735
7735
7737
7738
7741
7742
7742
7743
7743
7744
7747
7748
7749
7752
7754
7756
7758
7758
7761
7761
7763
7763
7765
7765
7765
7767
7768
7768
7771
7772
7773
7774
7776
7778
7779
7785
7787
7788
7789
7790
7790
7790
7792
7794
7795
7795
7795
7798
7798
7799
7799
7799
7799
7799
7800
7802
7802
7803
7804
7804
7805
7805
7806
7807
7807
7810
7810
7811
7812
7813
7814
7814
7817
7817
7818
7818
7820
7820
7823
7823
7824
7827
7828
7828
7828
7829
7830
7838
7838
7838
7841
7841
7841
7843
7845
7846
7846
7847
7851
7851
7852
7854
7854
7856
7857
7860
7861
7862
7863
7865
7866
7867
7867
7867
7868
7870
7872
7876
7877
7877
7877
7877
7880
7880
7882
7883
7883
7884
7885
7886
7887
7887
7887
7889
7889
7889
7889
7890
7892
7893
7893
7893
7893
7895
7895
7896
7897
7899
7899
7902
7904
7906
7909
7909
7912
7914
7917
7918
7919
7921
7922
7922
7923
7923
7923
7924
7924
7924
7929
7930
7932
7932
7933
7933
7934
7934
7941
7941
7941
7941
7943
7947
7950
7952
7952
7952
7953
7953
7955
7955
7957
7958
7961
7963
7963
7964
7966
7967
7967
7968
7968
7968
7969
7970
7971
7971
7972
7975
7975
7976
7977
7978
7978
7983
7984
7986
7987
7988
7990
7991
7993
7995
7996
7996
7997
7997
7997
7999
8001
8001
8002
8003
8004
8005
8006
8007
8007
8012
8012
8012
8013
8015
8016
8016
8018
8020
8021
8021
8023
8023
8024
8027
8028
8030
8031
8034
8035
8035
8037
8043
8044
8044
8045
8046
8046
8047
8047
8052
8053
8055
8056
8059
8061
8061
8061
8062
8063
8065
8066
8066
8069
8071
8071
8072
8073
8075
8075
8076
8078
8079
8080
8081
8081
8085
8085
8086
8089
8092
8094
8095
8096
8097
8097
8098
8099
8099
8100
8101
8101
8105
8108
8108
8109
8110
8111
8112
8115
8116
8119
8119
8121
8121
8123
8124
8126
8127
8129
8131
8133
8135
8135
8136
8136
8138
8138
8139
8141
8143
8143
8144
8144
8147
8150
8152
8153
8156
8157
8158
8159
8159
8159
8159
8160
8164
8166
8167
8169
8170
8173
8175
8178
8180
8181
8181
8183
8184
8185
8185
8187
8188
8190
8190
8190
8192
8194
8194
8195
8195
8197
8199
8199
8200
8200
8200
8202
8202
8202
8203
8210
8210
8211
8212
8212
8214
8214
8215
8215
8217
8218
8218
8220
8220
8222
8223
8223
8223
8224
8224
8225
8228
8229
8229
8230
8231
8236
8240
8240
8241
8244
8244
8246
8248
8248
8249
8251
8251
8252
8253
8254
8254
8254
8256
8257
8257
8258
8259
8260
8263
8265
8268
8268
8269
8270
8272
8274
8275
8276
8277
8277
8278
8279
8280
8280
8281
8283
8284
8284
8285
8286
8289
8290
8292
8293
8295
8295
8296
8299
8300
8301
8304
8304
8305
8308
8308
8308
8309
8312
8312
8312
8314
8316
8317
8317
8318
8319
8320
8320
8320
8321
8322
8322
8324
8325
8326
8329
8331
8331
8332
8332
8334
8334
8336
8337
8337
8339
8339
8340
8343
8344
8349
8350
8351
8351
8351
8352
8354
8354
8354
8355
8358
8358
8359
8359
8360
8363
8365
8366
8366
8369
8370
8370
8373
8375
8376
8376
8378
8380
8390
8391
8393
8400
8400
8401
8403
8405
8406
8410
8413
8413
8414
8416
8418
8420
8422
8422
8424
8424
8429
8429
8430
8433
8433
8434
8434
8434
8435
8436
8436
8437
8437
8438
8438
8441
8443
8443
8444
8444
8445
8447
8449
8450
8451
8453
8456
8456
8456
8457
8457
8461
8462
8464
8465
8466
8468
8468
8469
8471
8472
8472
8473
8473
8473
8474
8475
8476
8476
8476
8477
8477
8482
8484
8484
8485
8487
8488
8489
8491
8491
8491
8492
8495
8495
8498
8499
8499
8500
8500
8500
8502
8502
8503
8503
8504
8504
8505
8505
8505
8506
8507
8509
8513
8513
8513
8513
8514
8516
8516
8516
8516
8518
8522
8525
8527
8528
8528
8529
8529
8532
8534
8536
8538
8540
8542
8543
8543
8543
8544
8545
8548
8548
8548
8557
8559
8560
8562
8564
8566
8567
8567
8568
8568
8569
8570
8572
8572
8573
8577
8578
8578
8581
8585
8588
8589
8589
8591
8592
8594
8595
8596
8597
8597
8600
8602
8602
8604
8605
8606
8610
8610
8611
8613
8615
8617
8619
8619
8621
8621
8622
8622
8624
8625
8628
8628
8629
8629
8630
8631
8632
8633
8633
8634
8635
8636
8638
8639
8639
8639
8640
8643
8643
8644
8646
8647
8648
8648
8649
8651
8652
8652
8657
8658
8659
8660
8660
8662
8665
8668
8669
8671
8671
8671
8671
8675
8677
8679
8679
8681
8682
8683
8684
8684
8684
8685
8686
8686
8687
8689
8689
8690
8692
8693
8693
8694
8695
8695
8695
8697
8699
8699
8700
8701
8701
8702
8702
8705
8706
8708
8709
8711
8712
8716
8716
8716
8717
8718
8718
8718
8719
8719
8720
8721
8721
8721
8722
8724
8726
8726
8726
8726
8727
8727
8729
8730
8732
8735
8735
8740
8741
8741
8741
8741
8742
8742
8744
8747
8748
8749
8750
8750
8753
8755
8759
8760
8761
8762
8762
8762
8762
8767
8768
8771
8774
8775
8775
8780
8781
8782
8782
8783
8788
8790
8793
8794
8796
8799
8800
8800
8801
8802
8802
8803
8805
8805
8807
8808
8808
8815
8816
8818
8818
8819
8821
8822
8823
8823
8824
8824
8824
8824
8825
8825
8826
8827
8828
8829
8830
8831
8832
8835
8839
8840
8841
8841
8842
8844
8844
8844
8844
8845
8845
8846
8850
8852
8853
8853
8854
8858
8858
8861
8861
8861
8865
8866
8867
8867
8867
8869
8871
8872
8873
8873
8875
8875
8877
8877
8879
8879
8879
8880
8880
8881
8886
8887
8888
8889
8891
8897
8900
8900
8901
8901
8902
8904
8905
8906
8906
8906
8907
8907
8909
8910
8912
8912
8912
8913
8914
8914
8914
8915
8915
8915
8916
8916
8916
8918
8918
8921
8927
8928
8928
8929
8929
8932
8934
8936
8937
8940
8941
8942
8944
8945
8946
8947
8949
8953
8953
8954
8955
8956
8957
8957
8960
8960
8965
8967
8967
8967
8968
8970
8973
8974
8974
8975
8975
8977
8979
8979
8981
8984
8984
8985
8985
8986
8987
8987
8992
8997
8998
8999
9002
9003
9004
9005
9009
9009
9011
9011
9011
9012
9012
9012
9012
9012
9014
9015
9019
9023
9025
9027
9028
9030
9030
9031
9033
9035
9036
9038
9042
9042
9046
9047
9051
9051
9054
9055
9056
9058
9060
9064
9064
9064
9066
9068
9068
9069
9071
9071
9072
9072
9074
9074
9075
9075
9077
9077
9078
9082
9085
9086
9090
9091
9093
9094
9094
9095
9096
9097
9097
9098
9100
9103
9105
9106
9108
9111
9112
9114
9114
9115
9115
9116
9117
9119
9119
9124
9124
9126
9126
9131
9132
9134
9134
9134
9134
9136
9136
9136
9136
9138
9139
9139
9140
9140
9142
9142
9145
9146
9147
9148
9148
9149
9149
9149
9151
9154
9157
9160
9160
9162
9164
9165
9165
9166
9166
9172
9172
9172
9174
9175
9175
9179
9181
9184
9185
9186
9190
9192
9195
9196
9197
9198
9198
9199
9200
9201
9202
9202
9203
9203
9205
9206
9208
9209
9209
9210
9212
9212
9212
9214
9214
9216
9216
9216
9216
9216
9217
9219
9221
9222
9223
9223
9225
9226
9229
9229
9229
9230
9233
9233
9234
9235
9238
9238
9238
9238
9242
9243
9244
9248
9250
9251
9251
9253
9253
9254
9257
9258
9258
9260
9261
9262
9265
9265
9266
9266
9272
9273
9274
9274
9276
9280
9281
9282
9282
9283
9283
9283
9287
9288
9289
9292
9300
9302
9303
9306
9307
9307
9307
9307
9308
9310
9310
9310
9310
9310
9310
9310
9310
9310
9311
9313
9314
9316
9317
9320
9321
9329
9332
9334
9335
9337
9339
9340
9344
9344
9347
9347
9347
9350
9352
9355
9356
9357
9359
9361
9365
9365
9367
9369
9374
9375
9376
9378
9379
9380
9384
9385
9389
9390
9391
9392
9394
9394
9395
9397
9397
9398
9400
9401
9403
9405
9406
9406
9407
9409
9411
9413
9415
9415
9416
9418
9418
9422
9425
9430
9431
9432
9437
9438
9439
9439
9440
9443
9446
9448
9450
9451
9451
9451
9452
9454
9461
9461
9466
9468
9470
9471
9473
9474
9478
9478
9479
9484
9485
9486
9486
9488
9489
9491
9494
9497
9497
9498
9499
9499
9500
9502
9505
9505
9508
9509
9509
9511
9512
9514
9514
9517
9524
9525
9526
9527
9530
9530
9531
9534
9535
9537
9544
9547
9549
9550
9550
9552
9553
9558
9560
9560
9560
9563
9565
9566
9566
9568
9569
9570
9570
9570
9572
9579
9579
9579
9581
9582
9583
9584
9585
9588
9590
9591
9591
9593
9594
9598
9603
9603
9603
9603
9604
9606
9607
9608
9612
9613
9616
9617
9618
9620
9620
9624
9625
9626
9627
9628
9628
9633
9634
9634
9635
9637
9641
9641
9643
9646
9647
9649
9651
9654
9655
9658
9658
9659
9660
9662
9663
9663
9666
9666
9668
9669
9669
9669
9670
9671
9673
9675
9675
9677
9678
9680
9683
9683
9686
9687
9690
9691
9691
9695
9695
9696
9697
9698
9698
9703
9706
9707
9710
9710
9712
9713
9713
9716
9717
9720
9722
9727
9728
9731
9732
9738
9742
9743
9745
9747
9749
9750
9759
9762
9762
9763
9764
9766
9767
9767
9767
9768
9769
9769
9770
9772
9774
9775
9781
9782
9782
9788
9788
9791
9793
9794
9797
9799
9799
9801
9804
9806
9806
9806
9808
9808
9812
9812
9813
9814
9814
9817
9819
9823
9825
9831
9832
9832
9832
9833
9835
9835
9840
9840
9844
9845
9845
9846
9849
9850
9851
9851
9851
9852
9852
9854
9855
9860
9861
9861
9861
9863
9864
9865
9865
9866
9867
9870
9870
9870
9871
9872
9874
9878
9878
9879
9880
9882
9882
9883
9883
9885
9886
9886
9887
9889
9890
9895
9896
9897
9898
9898
9898
9899
9903
9905
9907
9908
9914
9916
9916
9918
9920
9921
9925
9926
9926
9931
9932
9932
9933
9934
9934
9934
9935
9939
9940
9941
9941
9942
9943
9944
9947
9954
9955
9956
9956
9956
9956
9956
9958
9964
9965
9965
9965
9966
9968
9969
9969
9970
9971
9971
9972
9973
9977
9978
9979
9980
9982
9984
9984
9985
9986
9987
9988
9989
9990
9991
9993
9995
9996
9997
9999
9999
10002
10004
10007
10010
10010
10011
10011
10011
10012
10012
10014
10015
10016
10016
10016
10017
10021
10021
10022
10024
10025
10026
10028
10029
10032
10032
10033
10033
10034
10035
10035
10035
10035
10036
10037
10037
10038
10043
10045
10046
10047
10048
10048
10050
10051
10051
10051
10052
10052
10052
10055
10059
10060
10063
10064
10064
10068
10070
10070
10070
10072
10074
10077
10078
10078
10079
10081
10083
10084
10087
10089
10089
10090
10090
10091
10091
10092
10093
10094
10094
10094
10097
10098
10098
10102
10102
10102
10104
10104
10108
10108
10109
10113
10115
10115
10121
10126
10127
10127
10131
10133
10136
10137
10137
10138
10139
10143
10144
10146
10150
10152
10153
10154
10160
10161
10161
10164
10169
10172
10176
10179
10180
10181
10185
10186
10188
10191
10196
10198
10199
10200
10208
10209
10211
10211
10211
10212
10213
10214
10214
10214
10214
10214
10216
10217
10217
10218
10219
10219
10220
10221
10222
10223
10223
10224
10224
10225
10225
10232
10236
10238
10239
10243
10243
10247
10252
10254
10255
10256
10256
10259
10259
10260
10261
10264
10268
10268
10268
10269
10270
10272
10273
10276
10278
10279
10280
10282
10283
10285
10285
10286
10286
10286
10287
10290
10292
10292
10297
10298
10299
10303
10304
10307
10307
10308
10311
10312
10319
10321
10322
10324
10325
10327
10329
10329
10330
10332
10332
10333
10335
10336
10336
10340
10341
10342
10342
10343
10346
10349
10350
10352
10352
10354
10354
10355
10360
10360
10361
10362
10362
10364
10367
10368
10369
10373
10373
10376
10377
10377
10378
10379
10382
10387
10388
10391
10392
10392
10394
10396
10397
10397
10397
10398
10399
10400
10400
10400
10403
10405
10408
10409
10410
10410
10410
10414
10415
10417
10417
10418
10419
10420
10420
10421
10421
10422
10423
10425
10426
10426
10427
10429
10432
10432
10434
10436
10442
10443
10444
10445
10446
10447
10447
10448
10450
10451
10451
10456
10457
10457
10458
10458
10459
10460
10461
10461
10461
10462
10467
10467
10468
10469
10469
10471
10475
10475
10477
10478
10478
10479
10479
10479
10480
10480
10481
10482
10484
10484
10489
10492
10494
10494
10495
10495
10496
10497
10497
10499
10502
10505
10505
10507
10508
10508
10508
10509
10513
10519
10521
10524
10525
10528
10529
10529
10530
10530
10530
10532
10532
10534
10538
10539
10542
10545
10546
10547
10549
10550
10551
10552
10553
10554
10554
10555
10558
10558
10564
10565
10569
10572
10576
10578
10581
10581
10582
10582
10585
10585
10586
10587
10588
10591
10596
10598
10598
10598
10598
10604
10606
10606
10607
10610
10611
10612
10614
10615
10615
10618
10621
10621
10624
10624
10629
10629
10630
10632
10632
10634
10634
10636
10637
10639
10643
10644
10648
10648
10650
10652
10654
10658
10658
10659
10659
10659
10661
10665
10668
10671
10672
10674
10678
10678
10682
10682
10683
10689
10691
10691
10694
10696
10698
10699
10701
10703
10703
10703
10704
10707
10708
10711
10711
10713
10713
10714
10715
10715
10715
10717
10722
10723
10723
10726
10727
10727
10728
10729
10730
10735
10736
10740
10743
10744
10745
10746
10759
10760
10760
10764
10765
10766
10766
10767
10769
10778
10778
10779
10783
10784
10786
10789
10789
10789
10792
10793
10795
10796
10798
10799
10799
10803
10805
10805
10806
10808
10809
10817
10817
10817
10819
10823
10824
10829
10837
10837
10842
10845
10846
10849
10850
10850
10851
10852
10856
10856
10858
10859
10862
10864
10866
10867
10867
10868
10870
10870
10872
10872
10879
10880
10884
10885
10886
10888
10888
10888
10888
10889
10892
10893
10897
10899
10901
10902
10902
10905
10907
10907
10908
10908
10910
10911
10912
10913
10918
10918
10919
10920
10922
10922
10923
10923
10925
10925
10926
10929
10930
10933
10935
10936
10938
10941
10943
10943
10946
10947
10947
10949
10954
10955
10956
10957
10960
10961
10961
10962
10963
10964
10966
10966
10968
10969
10970
10970
10971
10972
10972
10974
10977
10981
10982
10990
10992
10992
10993
10995
10996
10998
10998
11000
11003
11004
11007
11007
11009
11011
11013
11017
11025
11025
11025
11026
11026
11028
11028
11028
11029
11029
11030
11032
11033
11034
11035
11036
11041
11045
11047
11051
11054
11055
11057
11063
11063
11066
11067
11067
11069
11074
11074
11075
11075
11076
11077
11080
11080
11085
11086
11089
11090
11092
11093
11094
11094
11095
11095
11098
11100
11104
11107
11109
11110
11114
11118
11118
11119
11120
11123
11123
11124
11124
11128
11130
11131
11134
11138
11138
11139
11141
11143
11145
11145
11145
11146
11150
11151
11154
11155
11158
11160
11160
11160
11160
11161
11164
11165
11165
11165
11166
11172
11174
11176
11179
11180
11181
11182
11183
11189
11189
11190
11192
11194
11197
11198
11198
11199
11200
11203
11203
11204
11207
11207
11209
11211
11215
11220
11221
11223
11224
11225
11225
11226
11228
11228
11228
11229
11231
11232
11232
11237
11237
11239
11240
11242
11243
11246
11247
11253
11253
11257
11259
11260
11261
11262
11266
11270
11278
11280
11281
11283
11285
11294
11294
11295
11298
11309
11313
11315
11319
11322
11325
11326
11329
11329
11330
11335
11335
11335
11337
11341
11349
11353
11356
11356
11359
11360
11360
11363
11365
11366
11367
11368
11369
11369
11377
11383
11387
11389
11394
11396
11396
11398
11399
11399
11402
11403
11407
11408
11412
11415
11415
11416
11418
11421
11421
11426
11427
11427
11427
11427
11429
11430
11431
11432
11435
11436
11439
11447
11449
11449
11449
11452
11452
11452
11454
11454
11455
11458
11458
11459
11459
11464
11465
11470
11472
11473
11474
11476
11481
11486
11489
11491
11492
11493
11493
11493
11494
11499
11503
11504
11505
11510
11510
11517
11522
11522
11525
11533
11534
11535
11536
11537
11539
11542
11547
11549
11550
11551
11554
11558
11565
11568
11568
11570
11573
11573
11574
11575
11580
11580
11580
11585
11585
11586
11587
11588
11590
11595
11602
11603
11603
11605
11607
11611
11612
11613
11622
11627
11629
11638
11639
11639
11641
11641
11645
11649
11649
11650
11652
11652
11654
11659
11661
11662
11666
11667
11667
11670
11674
11674
11677
11680
11681
11681
11681
11682
11682
11684
11688
11689
11692
11692
11692
11693
11693
11705
11708
11708
11708
11716
11716
11717
11720
11721
11722
11723
11725
11726
11728
11729
11730
11733
11736
11739
11739
11740
11742
11742
11743
11744
11744
11751
11758
11760
11768
11769
11772
11772
11773
11777
11777
11779
11781
11789
11789
11790
11791
11791
11794
11796
11796
11799
11801
11802
11804
11808
11814
11817
11820
11820
11820
11822
11825
11827
11828
11828
11829
11829
11838
11839
11846
11846
11847
11852
11853
11854
11854
11860
11863
11863
11865
11868
11868
11870
11873
11876
11877
11882
11889
11890
11897
11900
11902
11902
11902
11903
11903
11904
11904
11907
11908
11913
11913
11918
11936
11940
11948
11948
11951
11952
11963
11967
11973
11974
11975
11978
11993
11997
11999
12000
12003
12005
12005
12006
12006
12007
12008
12009
12011
12015
12017
12022
12024
12028
12030
12031
12031
12031
12031
12034
12039
12040
12040
12044
12047
12048
12054
12058
12059
12061
12065
12065
12065
12071
12073
12075
12078
12079
12083
12086
12088
12090
12092
12097
12100
12100
12105
12109
12109
12114
12116
12118
12120
12121
12124
12125
12129
12131
12132
12132
12133
12134
12142
12145
12146
12150
12152
12155
12155
12161
12161
12164
12164
12165
12166
12169
12170
12174
12176
12185
12187
12188
12190
12197
12201
12201
12203
12203
12204
12205
12206
12206
12210
12211
12216
12217
12221
12229
12231
12231
12239
12243
12244
12245
12246
12251
12253
12254
12257
12258
12261
12264
12265
12267
12267
12270
12272
12273
12273
12275
12276
12287
12290
12291
12291
12292
12293
12296
12302
12302
12307
12324
12326
12327
12333
12334
12336
12339
12341
12343
12344
12346
12348
12351
12358
12360
12362
12364
12364
12364
12366
12367
12368
12368
12370
12370
12371
12372
12374
12375
12375
12377
12381
12385
12386
12390
12396
12398
12402
12404
12407
12416
12418
12419
12424
12425
12428
12428
12429
12434
12435
12435
12437
12438
12443
12451
12453
12453
12454
12455
12464
12465
12470
12474
12475
12476
12477
12479
12479
12484
12485
12486
12487
12487
12492
12496
12508
12509
12512
12519
12519
12522
12524
12527
12529
12535
12535
12537
12540
12543
12550
12555
12560
12560
12573
12575
12576
12579
12580
12581
12582
12589
12589
12595
12596
12602
12604
12607
12611
12611
12620
12622
12623
12623
12627
12631
12632
12632
12643
12646
12648
12648
12648
12649
12652
12660
12662
12665
12667
12672
12678
12680
12688
12691
12691
12692
12696
12698
12702
12707
12714
12715
12717
12719
12720
12720
12726
12733
12735
12746
12749
12752
12752
12757
12759
12760
12762
12763
12763
12773
12774
12775
12781
12783
12784
12791
12793
12794
12800
12807
12813
12818
12820
12823
12823
12825
12826
12827
12839
12839
12839
12842
12845
12853
12857
12866
12866
12868
12874
12875
12875
12876
12876
12878
12879
12879
12886
12887
12889
12897
12900
12915
12916
12917
12919
12924
12924
12926
12928
12929
12935
12943
12943
12948
12951
12952
12953
12956
12961
12963
12964
12967
12967
12969
12969
12970
12974
12976
12982
12990
12990
12993
13001
13002
13003
13004
13006
13010
13011
13022
13031
13036
13037
13044
13048
13049
13054
13058
13061
13066
13068
13072
13074
13076
13076
13079
13084
13088
13094
13095
13096
13096
13100
13102
13108
13110
13111
13112
13114
13116
13119
13124
13126
13130
13131
13132
13134
13137
13143
13144
13146
13146
13154
13154
13156
13159
13160
13162
13163
13164
13166
13169
13170
13176
13182
13183
13184
13186
13189
13190
13192
13195
13195
13197
13202
13203
13206
13212
13213
13217
13219
13222
13229
13231
13235
13247
13249
13251
13254
13260
13264
13275
13276
13276
13277
13280
13281
13282
13286
13287
13289
13292
13295
13295
13296
13296
13306
13307
13309
13314
13314
13319
13320
13322
13332
13334
13334
13339
13341
13342
13342
13351
13352
13381
13397
13397
13399
13404
13404
13405
13407
13408
13408
13409
13409
13410
13414
13421
13422
13423
13425
13426
13426
13438
13442
13447
13455
13455
13457
13458
13463
13464
13465
13465
13471
13478
13478
13482
13483
13484
13495
13499
13501
13507
13516
13517
13517
13528
13529
13531
13532
13534
13536
13539
13547
13551
13560
13570
13571
13573
13581
13582
13585
13586
13586
13588
13590
13592
13593
13598
13610
13616
13630
13635
13647
13651
13651
13664
13665
13669
13669
13670
13675
13683
13684
13686
13690
13690
13695
13698
13703
13715
13719
13720
13729
13731
13733
13738
13740
13753
13758
13760
13764
13767
13772
13781
13781
13784
13804
13805
13808
13818
13829
13831
13831
13834
13836
13840
13840
13842
13847
13855
13862
13864
13865
13867
13871
13885
13886
13886
13889
13891
13893
13897
13901
13903
13903
13903
13913
13914
13915
13918
13922
13926
13927
13928
13935
13937
13937
13946
13948
13953
13960
13962
13966
13970
13978
13980
13985
13988
13992
13998
14005
14009
14013
14024
14026
14033
14038
14038
14039
14039
14043
14059
14078
14096
14105
14106
14112
14122
14125
14132
14139
14140
14145
14153
14160
14163
14164
14169
14176
14177
14177
14179
14185
14204
14216
14228
14231
14231
14250
14252
14257
14265
14273
14284
14285
14289
14294
14296
14299
14301
14302
14307
14316
14317
14318
14344
14351
14365
14366
14367
14370
14372
14377
14380
14387
14388
14388
14393
14396
14404
14404
14409
14419
14420
14423
14424
14425
14427
14433
14434
14441
14450
14451
14462
14471
14475
14481
14485
14488
14496
14498
14499
14501
14506
14507
14526
14526
14528
14540
14540
14551
14551
14554
14560
14562
14571
14574
14581
14583
14592
14597
14599
14602
14612
14615
14616
14616
14617
14630
14631
14639
14658
14659
14661
14676
14680
14680
14681
14683
14684
14696
14703
14705
14717
14723
14732
14740
14758
14772
14773
14780
14783
14785
14788
14801
14808
14810
14814
14814
14815
14816
14817
14823
14825
14831
14842
14843
14844
14854
14855
14865
14872
14873
14878
14892
14892
14895
14900
14903
14905
14910
14911
14930
14930
14942
14946
14951
14960
14963
14965
14981
14994
15003
15006
15029
15034
15059
15064
15066
15073
15077
15093
15108
15111
15125
15137
15142
15143
15153
15160
15173
15180
15184
15189
15226
15252
15253
15259
15260
15299
15307
15311
15313
15321
15336
15366
15369
15377
15379
15393
15393
15400
15405
15405
15406
15408
15424
15424
15425
15440
15448
15461
15461
15463
15465
15471
15473
15493
15502
15504
15516
15519
15534
15552
15573
15591
15602
15602
15624
15673
15675
15685
15687
15699
15700
15723
15729
15729
15735
15745
15745
15751
15769
15782
15787
15789
15807
15821
15845
15849
15850
15851
15869
15879
15881
15883
15884
15893
15894
15894
15895
15896
15902
15904
15907
15918
15940
15966
15970
15971
16005
16016
16040
16047
16055
16058
16061
16064
16071
16078
16089
16090
16092
16094
16100
16102
16108
16157
16159
16159
16172
16175
16202
16223
16228
16234
16247
16264
16277
16289
16295
16302
16315
16325
16326
16328
16364
16368
16371
16383
16400
16412
16445
16457
16471
16531
16606
16623
16629
16642
16649
16652
16660
16667
16710
16738
16749
16760
16768
16776
16782
16795
16802
16809
16813
16823
16823
16831
16857
16863
16877
16892
16893
16913
16938
16968
16971
16971
16975
16978
16985
16996
17001
17019
17021
17041
17044
17051
17056
17056
17064
17072
17112
17122
17184
17190
17194
17201
17248
17249
17251
17275
17282
17299
17299
17306
17336
17398
17401
17441
17455
17478
17482
17489
17491
17510
17534
17553
17568
17575
17583
17615
17640
17666
17685
17700
17701
17725
17744
17753
17759
17765
17773
17776
17804
17823
17829
17858
17863
17891
17909
17932
17938
17942
17947
17961
18069
18078
18120
18140
18212
18240
18254
18285
18346
18425
18437
18547
18586
18781
18855
18871
18873
18928
18955
18999
19009
19017
19040
19049
19190
19238
19258
19300
19355
19412
19412
19458
19567
19647
19654
19665
19713
19746
19807
19824
19857
19942
20006
20010
20114
20325
20424
20473
20616
20650
20726
20771
20773
20795
20837
21080
21232
21292
21374
21394
21791
21869
22073
22217
22247
22272
22494
22940
22973
22993
23195
24453
24695
25882
25884
26076
26234
26494
26592
28776
