# This file was produced by samtools stats (1.19.2+htslib-1.19) and can be plotted using plot-bamstats
# This file contains statistics for all reads.
# The command line was:  stats results/assemblage/polished/mapping_ALL_for_pilon.bam
# CHK, Checksum	[2]Read Names	[3]Sequences	[4]Qualities
# CHK, CRC32 of reads which passed filtering followed by addition (32bit overflow)
CHK	bd65f17c	f057f3df	7c46a9ca
# Summary Numbers. Use `grep ^SN | cut -f 2-` to extract this part.
SN	raw total sequences:	422412	# excluding supplementary and secondary reads
SN	filtered sequences:	0
SN	sequences:	422412
SN	is sorted:	1
SN	1st fragments:	211206
SN	last fragments:	211206
SN	reads mapped:	422412
SN	reads mapped and paired:	422412	# paired-end technology bit set + both mates mapped
SN	reads unmapped:	0
SN	reads properly paired:	422400	# proper-pair bit set
SN	reads paired:	422412	# paired-end technology bit set
SN	reads duplicated:	0	# PCR or optical duplicate bit set
SN	reads MQ0:	32135	# mapped and MQ=0
SN	reads QC failed:	0
SN	non-primary alignments:	0
SN	supplementary alignments:	3
SN	total length:	63356419	# ignores clipping
SN	total first fragment length:	31679313	# ignores clipping
SN	total last fragment length:	31677106	# ignores clipping
SN	bases mapped:	63356419	# ignores clipping
SN	bases mapped (cigar):	63355959	# more accurate
SN	bases trimmed:	0
SN	bases duplicated:	0
SN	mismatches:	125117	# from NM fields
SN	error rate:	1.974826e-03	# mismatches / bases mapped (cigar)
SN	average length:	150
SN	average first fragment length:	150
SN	average last fragment length:	150
SN	maximum length:	150
SN	maximum first fragment length:	150
SN	maximum last fragment length:	150
SN	average quality:	36.4
SN	insert size average:	199.2
SN	insert size standard deviation:	9.7
SN	inward oriented pairs:	211202
SN	outward oriented pairs:	3
SN	pairs with other orientation:	1
SN	pairs on different chromosomes:	0
SN	percentage of properly paired reads (%):	100.0
# First Fragment Qualities. Use `grep ^FFQ | cut -f 2-` to extract this part.
# Columns correspond to qualities and rows to cycles. First column is the cycle number.
FFQ	1	0	0	0	0	0	0	0	98	0	0	0	0	0	0	0	0	4555	0	0	0	0	0	0	866	0	0	0	0	19986	0	0	0	0	0	185701	0	0	0	0	0	0	0	0
FFQ	2	0	0	0	0	0	0	0	88	0	0	0	0	0	0	0	0	2893	0	0	0	0	0	0	1091	0	0	0	0	13586	0	0	0	0	0	193548	0	0	0	0	0	0	0	0
FFQ	3	0	0	0	0	0	0	0	213	0	0	0	0	0	0	0	0	17155	0	0	0	0	0	0	4633	0	0	0	0	22251	0	0	0	0	0	166954	0	0	0	0	0	0	0	0
FFQ	4	0	0	0	0	0	0	0	189	0	0	0	0	0	0	0	0	14999	0	0	0	0	0	0	1286	0	0	0	0	12535	0	0	0	0	0	26377	0	0	0	155820	0	0	0	0
FFQ	5	0	0	0	0	0	0	0	58	0	0	0	0	0	0	0	0	4357	0	0	0	0	0	0	520	0	0	0	0	7240	0	0	0	0	0	24121	0	0	0	174910	0	0	0	0
FFQ	6	0	0	0	0	0	0	0	358	0	0	0	0	0	0	0	0	2977	0	0	0	0	0	0	898	0	0	0	0	4874	0	0	0	0	0	18017	0	0	0	184082	0	0	0	0
FFQ	7	0	0	0	0	0	0	0	369	0	0	0	0	0	0	0	0	3006	0	0	0	0	0	0	762	0	0	0	0	4450	0	0	0	0	0	15711	0	0	0	186908	0	0	0	0
FFQ	8	0	0	0	0	0	0	0	374	0	0	0	0	0	0	0	0	2947	0	0	0	0	0	0	751	0	0	0	0	4302	0	0	0	0	0	14273	0	0	0	188559	0	0	0	0
FFQ	9	0	0	0	0	0	0	0	369	0	0	0	0	0	0	0	0	2744	0	0	0	0	0	0	742	0	0	0	0	4010	0	0	0	0	0	13326	0	0	0	190015	0	0	0	0
FFQ	10	0	0	0	0	0	0	0	354	0	0	0	0	0	0	0	0	2666	0	0	0	0	0	0	720	0	0	0	0	3943	0	0	0	0	0	12892	0	0	0	190631	0	0	0	0
FFQ	11	0	0	0	0	0	0	0	348	0	0	0	0	0	0	0	0	2504	0	0	0	0	0	0	752	0	0	0	0	3836	0	0	0	0	0	12943	0	0	0	190823	0	0	0	0
FFQ	12	0	0	0	0	0	0	0	366	0	0	0	0	0	0	0	0	2496	0	0	0	0	0	0	733	0	0	0	0	4012	0	0	0	0	0	13120	0	0	0	190479	0	0	0	0
FFQ	13	0	0	0	0	0	0	0	483	0	0	0	0	0	0	0	0	2696	0	0	0	0	0	0	842	0	0	0	0	4266	0	0	0	0	0	13920	0	0	0	188999	0	0	0	0
FFQ	14	0	0	0	0	0	0	0	433	0	0	0	0	0	0	0	0	2803	0	0	0	0	0	0	904	0	0	0	0	4494	0	0	0	0	0	13013	0	0	0	47175	0	0	142384	0
FFQ	15	0	0	0	0	0	0	0	437	0	0	0	0	0	0	0	0	2806	0	0	0	0	0	0	977	0	0	0	0	4414	0	0	0	0	0	13016	0	0	0	47437	0	0	142119	0
FFQ	16	0	0	0	0	0	0	0	393	0	0	0	0	0	0	0	0	2736	0	0	0	0	0	0	888	0	0	0	0	4431	0	0	0	0	0	13061	0	0	0	47557	0	0	142140	0
FFQ	17	0	0	0	0	0	0	0	451	0	0	0	0	0	0	0	0	2736	0	0	0	0	0	0	890	0	0	0	0	4362	0	0	0	0	0	13288	0	0	0	48039	0	0	141440	0
FFQ	18	0	0	0	0	0	0	0	439	0	0	0	0	0	0	0	0	2842	0	0	0	0	0	0	991	0	0	0	0	4315	0	0	0	0	0	13447	0	0	0	48658	0	0	140514	0
FFQ	19	0	0	0	1	0	0	0	434	0	0	0	0	0	0	0	0	2670	0	0	0	0	0	0	1058	0	0	0	0	4349	0	0	0	0	0	13404	0	0	0	47040	0	0	142250	0
FFQ	20	0	0	0	0	0	0	0	479	0	0	0	0	0	0	0	0	2654	0	0	0	0	0	0	1095	0	0	0	0	4365	0	0	0	0	0	13576	0	0	0	47111	0	0	141926	0
FFQ	21	0	0	0	0	0	0	0	510	0	0	0	0	0	0	0	0	2776	0	0	0	0	0	0	1203	0	0	0	0	4436	0	0	0	0	0	13797	0	0	0	47743	0	0	140741	0
FFQ	22	0	0	0	1	0	0	0	548	0	0	0	0	0	0	0	0	2735	0	0	0	0	0	0	1200	0	0	0	0	4296	0	0	0	0	0	13629	0	0	0	48145	0	0	140652	0
FFQ	23	0	0	0	0	0	0	0	587	0	0	0	0	0	0	0	0	2574	0	0	0	0	0	0	1274	0	0	0	0	4281	0	0	0	0	0	13659	0	0	0	49314	0	0	139517	0
FFQ	24	0	0	0	0	0	0	0	556	0	0	0	0	0	0	0	0	2593	0	0	0	0	0	0	1352	0	0	0	0	4298	0	0	0	0	0	13819	0	0	0	49121	0	0	139467	0
FFQ	25	0	0	0	0	0	0	0	657	0	0	0	0	0	0	0	0	2599	0	0	0	0	0	0	1466	0	0	0	0	4308	0	0	0	0	0	13958	0	0	0	49798	0	0	138420	0
FFQ	26	0	0	0	0	0	0	0	638	0	0	0	0	0	0	0	0	2446	0	0	0	0	0	0	1430	0	0	0	0	4253	0	0	0	0	0	14036	0	0	0	49829	0	0	138574	0
FFQ	27	0	0	0	0	0	0	0	786	0	0	0	0	0	0	0	0	2548	0	0	0	0	0	0	1630	0	0	0	0	4137	0	0	0	0	0	14366	0	0	0	50140	0	0	137599	0
FFQ	28	0	0	0	0	0	0	0	777	0	0	0	0	0	0	0	0	2426	0	0	0	0	0	0	1743	0	0	0	0	4142	0	0	0	0	0	14513	0	0	0	51226	0	0	136379	0
FFQ	29	0	0	0	0	0	0	0	857	0	0	0	0	0	0	0	0	2346	0	0	0	0	0	0	1930	0	0	0	0	4160	0	0	0	0	0	14929	0	0	0	51944	0	0	135040	0
FFQ	30	0	0	0	0	0	0	0	851	0	0	0	0	0	0	0	0	2285	0	0	0	0	0	0	1851	0	0	0	0	4097	0	0	0	0	0	14810	0	0	0	52916	0	0	134396	0
FFQ	31	0	0	0	0	0	0	0	950	0	0	0	0	0	0	0	0	2228	0	0	0	0	0	0	2034	0	0	0	0	4174	0	0	0	0	0	15023	0	0	0	53067	0	0	133730	0
FFQ	32	0	0	0	0	0	0	0	1031	0	0	0	0	0	0	0	0	2205	0	0	0	0	0	0	2065	0	0	0	0	4260	0	0	0	0	0	15200	0	0	0	53549	0	0	132896	0
FFQ	33	0	0	0	0	0	0	0	1085	0	0	0	0	0	0	0	0	2096	0	0	0	0	0	0	2133	0	0	0	0	4236	0	0	0	0	0	15461	0	0	0	54358	0	0	131837	0
FFQ	34	0	0	0	0	0	0	0	1089	0	0	0	0	0	0	0	0	1994	0	0	0	0	0	0	2198	0	0	0	0	4450	0	0	0	0	0	15934	0	0	0	55089	0	0	130452	0
FFQ	35	0	0	0	1	0	0	0	1163	0	0	0	0	0	0	0	0	2031	0	0	0	0	0	0	2257	0	0	0	0	4490	0	0	0	0	0	15953	0	0	0	55363	0	0	129948	0
FFQ	36	0	0	0	1	0	0	0	1280	0	0	0	0	0	0	0	0	1961	0	0	0	0	0	0	2240	0	0	0	0	4587	0	0	0	0	0	16141	0	0	0	56410	0	0	128586	0
FFQ	37	0	0	0	0	0	0	0	1238	0	0	0	0	0	0	0	0	1960	0	0	0	0	0	0	2407	0	0	0	0	4583	0	0	0	0	0	16483	0	0	0	56986	0	0	127549	0
FFQ	38	0	0	0	0	0	0	0	1248	0	0	0	0	0	0	0	0	2001	0	0	0	0	0	0	2476	0	0	0	0	4597	0	0	0	0	0	16798	0	0	0	58044	0	0	126042	0
FFQ	39	0	0	0	0	0	0	0	1299	0	0	0	0	0	0	0	0	1973	0	0	0	0	0	0	2696	0	0	0	0	4867	0	0	0	0	0	16995	0	0	0	61027	0	0	122349	0
FFQ	40	0	0	0	0	0	0	0	1240	0	0	0	0	0	0	0	0	2029	0	0	0	0	0	0	2673	0	0	0	0	4879	0	0	0	0	0	17714	0	0	0	61831	0	0	120840	0
FFQ	41	0	0	0	0	0	0	0	1203	0	0	0	0	0	0	0	0	2055	0	0	0	0	0	0	2890	0	0	0	0	5046	0	0	0	0	0	17710	0	0	0	63528	0	0	118774	0
FFQ	42	0	0	0	0	0	0	0	1287	0	0	0	0	0	0	0	0	2137	0	0	0	0	0	0	2984	0	0	0	0	5135	0	0	0	0	0	18720	0	0	0	65556	0	0	115387	0
FFQ	43	0	0	0	0	0	0	0	1286	0	0	0	0	0	0	0	0	2170	0	0	0	0	0	0	3114	0	0	0	0	5136	0	0	0	0	0	19150	0	0	0	67588	0	0	112761	0
FFQ	44	0	0	0	0	0	0	0	1167	0	0	0	0	0	0	0	0	2105	0	0	0	0	0	0	3157	0	0	0	0	5274	0	0	0	0	0	19526	0	0	0	68452	0	0	111524	0
FFQ	45	0	0	0	0	0	0	0	1233	0	0	0	0	0	0	0	0	2145	0	0	0	0	0	0	3188	0	0	0	0	5653	0	0	0	0	0	19812	0	0	0	69613	0	0	109561	0
FFQ	46	0	0	0	0	0	0	0	1212	0	0	0	0	0	0	0	0	1997	0	0	0	0	0	0	3427	0	0	0	0	5613	0	0	0	0	0	20336	0	0	0	71126	0	0	107494	0
FFQ	47	0	0	0	0	0	0	0	1238	0	0	0	0	0	0	0	0	2051	0	0	0	0	0	0	3463	0	0	0	0	5950	0	0	0	0	0	21174	0	0	0	73579	0	0	103750	0
FFQ	48	0	0	0	1	0	0	0	1193	0	0	0	0	0	0	0	0	2085	0	0	0	0	0	0	3677	0	0	0	0	6039	0	0	0	0	0	21253	0	0	0	75777	0	0	101180	0
FFQ	49	0	0	0	0	0	0	0	1260	0	0	0	0	0	0	0	0	2083	0	0	0	0	0	0	3711	0	0	0	0	6356	0	0	0	0	0	22584	0	0	0	76335	0	0	98874	0
FFQ	50	0	0	0	0	0	0	0	1211	0	0	0	0	0	0	0	0	2124	0	0	0	0	0	0	3649	0	0	0	0	6340	0	0	0	0	0	22795	0	0	0	78125	0	0	96959	0
FFQ	51	0	0	0	1	0	0	0	1204	0	0	0	0	0	0	0	0	2209	0	0	0	0	0	0	3979	0	0	0	0	6488	0	0	0	0	0	23777	0	0	0	80206	0	0	93339	0
FFQ	52	0	0	0	0	0	0	0	1170	0	0	0	0	0	0	0	0	2162	0	0	0	0	0	0	4052	0	0	0	0	6623	0	0	0	0	0	24255	0	0	0	81827	0	0	91114	0
FFQ	53	0	0	0	1	0	0	0	1230	0	0	0	0	0	0	0	0	2222	0	0	0	0	0	0	4099	0	0	0	0	6932	0	0	0	0	0	25283	0	0	0	84121	0	0	87315	0
FFQ	54	0	0	0	0	0	0	0	1230	0	0	0	0	0	0	0	0	2211	0	0	0	0	0	0	4246	0	0	0	0	7079	0	0	0	0	0	26257	0	0	0	86867	0	0	83313	0
FFQ	55	0	0	0	0	0	0	0	1275	0	0	0	0	0	0	0	0	2199	0	0	0	0	0	0	3979	0	0	0	0	7734	0	0	0	0	0	27052	0	0	0	89525	0	0	79438	0
FFQ	56	0	0	0	0	0	0	0	1260	0	0	0	0	0	0	0	0	2270	0	0	0	0	0	0	4059	0	0	0	0	8250	0	0	0	0	0	28266	0	0	0	90591	0	0	76506	0
FFQ	57	0	0	0	0	0	0	0	1285	0	0	0	0	0	0	0	0	2354	0	0	0	0	0	0	4106	0	0	0	0	8622	0	0	0	0	0	29557	0	0	0	93102	0	0	72174	0
FFQ	58	0	0	0	0	0	0	0	1262	0	0	0	0	0	0	0	0	2368	0	0	0	0	0	0	4212	0	0	0	0	8735	0	0	0	0	0	29654	0	0	0	96256	0	0	68713	0
FFQ	59	0	0	0	0	0	0	0	1306	0	0	0	0	0	0	0	0	2371	0	0	0	0	0	0	3731	0	0	0	0	9227	0	0	0	0	0	30796	0	0	0	98274	0	0	65495	0
FFQ	60	0	0	0	0	0	0	0	1343	0	0	0	0	0	0	0	0	2285	0	0	0	0	0	0	3775	0	0	0	0	9833	0	0	0	0	0	31982	0	0	0	100009	0	0	61973	0
FFQ	61	0	0	0	0	0	0	0	1210	0	0	0	0	0	0	0	0	2504	0	0	0	0	0	0	3965	0	0	0	0	9779	0	0	0	0	0	32447	0	0	0	103143	0	0	58152	0
FFQ	62	0	0	0	0	0	0	0	1380	0	0	0	0	0	0	0	0	2464	0	0	0	0	0	0	4132	0	0	0	0	10032	0	0	0	0	0	33781	0	0	0	104571	0	0	54839	0
FFQ	63	0	0	0	0	0	0	0	1357	0	0	0	0	0	0	0	0	2513	0	0	0	0	0	0	4141	0	0	0	0	10225	0	0	0	0	0	34637	0	0	0	106812	0	0	51514	0
FFQ	64	0	0	0	0	0	0	0	1295	0	0	0	0	0	0	0	0	2624	0	0	0	0	0	0	4282	0	0	0	0	10566	0	0	0	0	0	36086	0	0	0	108418	0	0	47928	0
FFQ	65	0	0	0	0	0	0	0	1363	0	0	0	0	0	0	0	0	2712	0	0	0	0	0	0	4347	0	0	0	0	10823	0	0	0	0	0	37422	0	0	0	109821	0	0	44711	0
FFQ	66	0	0	0	2	0	0	0	1381	0	0	0	0	0	0	0	0	2674	0	0	0	0	0	0	4472	0	0	0	0	10979	0	0	0	0	0	38071	0	0	0	111871	0	0	41749	0
FFQ	67	0	0	0	1	0	0	0	1339	0	0	0	0	0	0	0	0	2712	0	0	0	0	0	0	4542	0	0	0	0	11153	0	0	0	0	0	39824	0	0	0	113609	0	0	38019	0
FFQ	68	0	0	0	0	0	0	0	1391	0	0	0	0	0	0	0	0	2670	0	0	0	0	0	0	4510	0	0	0	0	11095	0	0	0	0	0	40820	0	0	0	116303	0	0	34410	0
FFQ	69	0	0	0	0	0	0	0	1396	0	0	0	0	0	0	0	0	2730	0	0	0	0	0	0	4451	0	0	0	0	11530	0	0	0	0	0	42104	0	0	0	118249	0	0	30739	0
FFQ	70	0	0	0	0	0	0	0	1443	0	0	0	0	0	0	0	0	2853	0	0	0	0	0	0	4562	0	0	0	0	11693	0	0	0	0	0	43376	0	0	0	119938	0	0	27334	0
FFQ	71	0	0	0	0	0	0	0	1433	0	0	0	0	0	0	0	0	2810	0	0	0	0	0	0	4513	0	0	0	0	11967	0	0	0	0	0	44841	0	0	0	121356	0	0	24279	0
FFQ	72	0	0	0	0	0	0	0	1411	0	0	0	0	0	0	0	0	2968	0	0	0	0	0	0	4666	0	0	0	0	12166	0	0	0	0	0	45089	0	0	0	123155	0	0	21743	0
FFQ	73	0	0	0	0	0	0	0	1466	0	0	0	0	0	0	0	0	3006	0	0	0	0	0	0	4925	0	0	0	0	12556	0	0	0	0	0	47384	0	0	0	121965	0	0	19896	0
FFQ	74	0	0	0	0	0	0	0	1597	0	0	0	0	0	0	0	0	3242	0	0	0	0	0	0	4967	0	0	0	0	12681	0	0	0	0	0	48970	0	0	0	122324	0	0	17417	0
FFQ	75	0	0	0	1	0	0	0	1538	0	0	0	0	0	0	0	0	3221	0	0	0	0	0	0	5242	0	0	0	0	13198	0	0	0	0	0	50020	0	0	0	122410	0	0	15567	0
FFQ	76	0	0	0	1	0	0	0	1530	0	0	0	0	0	0	0	0	3444	0	0	0	0	0	0	5524	0	0	0	0	13448	0	0	0	0	0	51445	0	0	0	121935	0	0	13869	0
FFQ	77	0	0	0	1	0	0	0	1544	0	0	0	0	0	0	0	0	3356	0	0	0	0	0	0	5385	0	0	0	0	13330	0	0	0	0	0	53478	0	0	0	122456	0	0	11646	0
FFQ	78	0	0	0	0	0	0	0	1592	0	0	0	0	0	0	0	0	3408	0	0	0	0	0	0	5333	0	0	0	0	13779	0	0	0	0	0	53989	0	0	0	125611	0	0	7484	0
FFQ	79	0	0	0	0	0	0	0	1422	0	0	0	0	0	0	0	0	3007	0	0	0	0	0	0	4908	0	0	0	0	12655	0	0	0	0	0	51783	0	0	0	131863	0	0	5557	0
FFQ	80	0	0	0	1	0	0	0	1343	0	0	0	0	0	0	0	0	3135	0	0	0	0	0	0	4864	0	0	0	0	12378	0	0	0	0	0	50749	0	0	0	135591	0	0	3134	0
FFQ	81	0	0	0	2	0	0	0	1385	0	0	0	0	0	0	0	0	3174	0	0	0	0	0	0	4799	0	0	0	0	12516	0	0	0	0	0	51064	0	0	0	136006	0	0	2249	0
FFQ	82	0	0	0	0	0	0	0	1446	0	0	0	0	0	0	0	0	3155	0	0	0	0	0	0	4734	0	0	0	0	12230	0	0	0	0	0	51659	0	0	0	136321	0	0	1650	0
FFQ	83	0	0	0	0	0	0	0	1420	0	0	0	0	0	0	0	0	3256	0	0	0	0	0	0	4956	0	0	0	0	12580	0	0	0	0	0	51790	0	0	0	136018	0	0	1175	0
FFQ	84	0	0	0	0	0	0	0	1421	0	0	0	0	0	0	0	0	3406	0	0	0	0	0	0	5141	0	0	0	0	12658	0	0	0	0	0	52754	0	0	0	134993	0	0	822	0
FFQ	85	0	0	0	1	0	0	0	1504	0	0	0	0	0	0	0	0	3442	0	0	0	0	0	0	5076	0	0	0	0	12837	0	0	0	0	0	53821	0	0	0	133999	0	0	514	0
FFQ	86	0	0	0	0	0	0	0	1209	0	0	0	0	0	0	0	0	3162	0	0	0	0	0	0	4761	0	0	0	0	12218	0	0	0	0	0	52361	0	0	0	137112	0	0	370	0
FFQ	87	0	0	0	0	0	0	0	1163	0	0	0	0	0	0	0	0	2992	0	0	0	0	0	0	4486	0	0	0	0	11753	0	0	0	0	0	51157	0	0	0	139400	0	0	241	0
FFQ	88	0	0	0	0	0	0	0	1180	0	0	0	0	0	0	0	0	3038	0	0	0	0	0	0	4332	0	0	0	0	11729	0	0	0	0	0	50133	0	0	0	140644	0	0	136	0
FFQ	89	0	0	0	1	0	0	0	1135	0	0	0	0	0	0	0	0	2997	0	0	0	0	0	0	4368	0	0	0	0	11449	0	0	0	0	0	49958	0	0	0	141183	0	0	101	0
FFQ	90	0	0	0	0	0	0	0	1164	0	0	0	0	0	0	0	0	3135	0	0	0	0	0	0	4519	0	0	0	0	11923	0	0	0	0	0	50753	0	0	0	139639	0	0	59	0
FFQ	91	0	0	0	0	0	0	0	1188	0	0	0	0	0	0	0	0	3126	0	0	0	0	0	0	4327	0	0	0	0	11709	0	0	0	0	0	51682	0	0	0	139125	0	0	34	0
FFQ	92	0	0	0	0	0	0	0	1110	0	0	0	0	0	0	0	0	3257	0	0	0	0	0	0	4517	0	0	0	0	11847	0	0	0	0	0	51482	0	0	0	138952	0	0	26	0
FFQ	93	0	0	0	1	0	0	0	1159	0	0	0	0	0	0	0	0	3308	0	0	0	0	0	0	4364	0	0	0	0	11981	0	0	0	0	0	51705	0	0	0	138656	0	0	17	0
FFQ	94	0	0	0	0	0	0	0	1182	0	0	0	0	0	0	0	0	3340	0	0	0	0	0	0	4483	0	0	0	0	11909	0	0	0	0	0	52314	0	0	0	137953	0	0	10	0
FFQ	95	0	0	0	0	0	0	0	1205	0	0	0	0	0	0	0	0	3493	0	0	0	0	0	0	4410	0	0	0	0	12138	0	0	0	0	0	52426	0	0	0	137517	0	0	2	0
FFQ	96	0	0	0	0	0	0	0	1189	0	0	0	0	0	0	0	0	3415	0	0	0	0	0	0	4402	0	0	0	0	12011	0	0	0	0	0	52682	0	0	0	137486	0	0	6	0
FFQ	97	0	0	0	0	0	0	0	1196	0	0	0	0	0	0	0	0	3468	0	0	0	0	0	0	4295	0	0	0	0	11882	0	0	0	0	0	52342	0	0	0	138007	0	0	1	0
FFQ	98	0	0	0	0	0	0	0	1183	0	0	0	0	0	0	0	0	3327	0	0	0	0	0	0	4508	0	0	0	0	12084	0	0	0	0	0	53384	0	0	0	136705	0	0	0	0
FFQ	99	0	0	0	0	0	0	0	1254	0	0	0	0	0	0	0	0	3490	0	0	0	0	0	0	4644	0	0	0	0	12116	0	0	0	0	0	53123	0	0	0	136561	0	0	3	0
FFQ	100	0	0	0	1	0	0	0	1137	0	0	0	0	0	0	0	0	3552	0	0	0	0	0	0	4416	0	0	0	0	11958	0	0	0	0	0	53636	0	0	0	136491	0	0	0	0
FFQ	101	0	0	0	1	0	0	0	1221	0	0	0	0	0	0	0	0	3521	0	0	0	0	0	0	4338	0	0	0	0	11816	0	0	0	0	0	53842	0	0	0	0	0	0	136452	0
FFQ	102	0	0	0	0	0	0	0	1356	0	0	0	0	0	0	0	0	5197	0	0	0	0	0	0	7351	0	0	0	0	21462	0	0	0	0	0	101616	0	0	0	74208	0	0	0	0
FFQ	103	0	0	0	0	0	0	0	1291	0	0	0	0	0	0	0	0	4455	0	0	0	0	0	0	5807	0	0	0	0	15617	0	0	0	0	0	80885	0	0	0	103135	0	0	0	0
FFQ	104	0	0	0	1	0	0	0	1278	0	0	0	0	0	0	0	0	3968	0	0	0	0	0	0	5013	0	0	0	0	13371	0	0	0	0	0	63334	0	0	0	124225	0	0	0	0
FFQ	105	0	0	0	0	0	0	0	1188	0	0	0	0	0	0	0	0	3753	0	0	0	0	0	0	4747	0	0	0	0	12636	0	0	0	0	0	56313	0	0	0	132553	0	0	0	0
FFQ	106	0	0	0	1	0	0	0	1172	0	0	0	0	0	0	0	0	3795	0	0	0	0	0	0	4529	0	0	0	0	11999	0	0	0	0	0	54495	0	0	0	135198	0	0	0	0
FFQ	107	0	0	0	0	0	0	0	1134	0	0	0	0	0	0	0	0	3554	0	0	0	0	0	0	4475	0	0	0	0	11723	0	0	0	0	0	53660	0	0	0	136643	0	0	0	0
FFQ	108	0	0	0	0	0	0	0	1086	0	0	0	0	0	0	0	0	3629	0	0	0	0	0	0	4271	0	0	0	0	11786	0	0	0	0	0	52806	0	0	0	137611	0	0	0	0
FFQ	109	0	0	0	1	0	0	0	1109	0	0	0	0	0	0	0	0	3667	0	0	0	0	0	0	4402	0	0	0	0	11814	0	0	0	0	0	52681	0	0	0	137514	0	0	0	0
FFQ	110	0	0	0	0	0	0	0	1135	0	0	0	0	0	0	0	0	3775	0	0	0	0	0	0	4515	0	0	0	0	11783	0	0	0	0	0	53165	0	0	0	136814	0	0	0	0
FFQ	111	0	0	0	0	0	0	0	1110	0	0	0	0	0	0	0	0	3541	0	0	0	0	0	0	4347	0	0	0	0	11761	0	0	0	0	0	52818	0	0	0	137609	0	0	0	0
FFQ	112	0	0	0	0	0	0	0	1126	0	0	0	0	0	0	0	0	3570	0	0	0	0	0	0	4458	0	0	0	0	11934	0	0	0	0	0	52990	0	0	0	137107	0	0	0	0
FFQ	113	0	0	0	0	0	0	0	1118	0	0	0	0	0	0	0	0	3665	0	0	0	0	0	0	4470	0	0	0	0	12007	0	0	0	0	0	53328	0	0	0	136597	0	0	0	0
FFQ	114	0	0	0	0	0	0	0	1133	0	0	0	0	0	0	0	0	3767	0	0	0	0	0	0	4335	0	0	0	0	11855	0	0	0	0	0	53958	0	0	0	136137	0	0	0	0
FFQ	115	0	0	0	0	0	0	0	1209	0	0	0	0	0	0	0	0	3913	0	0	0	0	0	0	4475	0	0	0	0	11917	0	0	0	0	0	53004	0	0	0	136667	0	0	0	0
FFQ	116	0	0	0	0	0	0	0	1199	0	0	0	0	0	0	0	0	3906	0	0	0	0	0	0	4487	0	0	0	0	11955	0	0	0	0	0	53867	0	0	0	135771	0	0	0	0
FFQ	117	0	0	0	0	0	0	0	1119	0	0	0	0	0	0	0	0	3907	0	0	0	0	0	0	4294	0	0	0	0	11904	0	0	0	0	0	53638	0	0	0	136323	0	0	0	0
FFQ	118	0	0	0	0	0	0	0	1064	0	0	0	0	0	0	0	0	3781	0	0	0	0	0	0	4405	0	0	0	0	12094	0	0	0	0	0	53247	0	0	0	136594	0	0	0	0
FFQ	119	0	0	0	0	0	0	0	1100	0	0	0	0	0	0	0	0	3957	0	0	0	0	0	0	4677	0	0	0	0	12316	0	0	0	0	0	53985	0	0	0	135149	0	0	0	0
FFQ	120	0	0	0	0	0	0	0	1107	0	0	0	0	0	0	0	0	3986	0	0	0	0	0	0	4483	0	0	0	0	12160	0	0	0	0	0	54813	0	0	0	134635	0	0	0	0
FFQ	121	0	0	0	0	0	0	0	1156	0	0	0	0	0	0	0	0	3953	0	0	0	0	0	0	4650	0	0	0	0	12304	0	0	0	0	0	54521	0	0	0	134599	0	0	0	0
FFQ	122	0	0	0	0	0	0	0	1042	0	0	0	0	0	0	0	0	3861	0	0	0	0	0	0	4630	0	0	0	0	12312	0	0	0	0	0	54379	0	0	0	134959	0	0	0	0
FFQ	123	0	0	0	0	0	0	0	1150	0	0	0	0	0	0	0	0	3799	0	0	0	0	0	0	4601	0	0	0	0	11968	0	0	0	0	0	54513	0	0	0	135152	0	0	0	0
FFQ	124	0	0	0	0	0	0	0	1054	0	0	0	0	0	0	0	0	3630	0	0	0	0	0	0	4489	0	0	0	0	11917	0	0	0	0	0	55050	0	0	0	135042	0	0	0	0
FFQ	125	0	0	0	0	0	0	0	1072	0	0	0	0	0	0	0	0	3808	0	0	0	0	0	0	4441	0	0	0	0	12333	0	0	0	0	0	55161	0	0	0	134367	0	0	0	0
FFQ	126	0	0	0	0	0	0	0	1004	0	0	0	0	0	0	0	0	3709	0	0	0	0	0	0	4433	0	0	0	0	11937	0	0	0	0	0	55435	0	0	0	134664	0	0	0	0
FFQ	127	0	0	0	0	0	0	0	1041	0	0	0	0	0	0	0	0	3715	0	0	0	0	0	0	4396	0	0	0	0	11998	0	0	0	0	0	55457	0	0	0	134575	0	0	0	0
FFQ	128	0	0	0	0	0	0	0	1037	0	0	0	0	0	0	0	0	3748	0	0	0	0	0	0	4559	0	0	0	0	12186	0	0	0	0	0	55335	0	0	0	134317	0	0	0	0
FFQ	129	0	0	0	1	0	0	0	935	0	0	0	0	0	0	0	0	3684	0	0	0	0	0	0	4380	0	0	0	0	11957	0	0	0	0	0	55114	0	0	0	135111	0	0	0	0
FFQ	130	0	0	0	1	0	0	0	928	0	0	0	0	0	0	0	0	3549	0	0	0	0	0	0	4515	0	0	0	0	11956	0	0	0	0	0	55337	0	0	0	134896	0	0	0	0
FFQ	131	0	0	0	0	0	0	0	961	0	0	0	0	0	0	0	0	3641	0	0	0	0	0	0	4592	0	0	0	0	11992	0	0	0	0	0	56432	0	0	0	133564	0	0	0	0
FFQ	132	0	0	0	0	0	0	0	909	0	0	0	0	0	0	0	0	3569	0	0	0	0	0	0	4363	0	0	0	0	12255	0	0	0	0	0	55954	0	0	0	134132	0	0	0	0
FFQ	133	0	0	0	0	0	0	0	976	0	0	0	0	0	0	0	0	3581	0	0	0	0	0	0	4377	0	0	0	0	12138	0	0	0	0	0	55850	0	0	0	134260	0	0	0	0
FFQ	134	0	0	0	0	0	0	0	913	0	0	0	0	0	0	0	0	3610	0	0	0	0	0	0	4221	0	0	0	0	11896	0	0	0	0	0	56145	0	0	0	134397	0	0	0	0
FFQ	135	0	0	0	0	0	0	0	934	0	0	0	0	0	0	0	0	3530	0	0	0	0	0	0	4089	0	0	0	0	11896	0	0	0	0	0	56813	0	0	0	133920	0	0	0	0
FFQ	136	0	0	0	0	0	0	0	846	0	0	0	0	0	0	0	0	3576	0	0	0	0	0	0	4023	0	0	0	0	11914	0	0	0	0	0	56865	0	0	0	133958	0	0	0	0
FFQ	137	0	0	0	0	0	0	0	898	0	0	0	0	0	0	0	0	3596	0	0	0	0	0	0	4244	0	0	0	0	12139	0	0	0	0	0	57084	0	0	0	133221	0	0	0	0
FFQ	138	0	0	0	0	0	0	0	902	0	0	0	0	0	0	0	0	3553	0	0	0	0	0	0	4181	0	0	0	0	11933	0	0	0	0	0	57133	0	0	0	133480	0	0	0	0
FFQ	139	0	0	0	0	0	0	0	829	0	0	0	0	0	0	0	0	3461	0	0	0	0	0	0	4078	0	0	0	0	12329	0	0	0	0	0	57358	0	0	0	133127	0	0	0	0
FFQ	140	0	0	0	0	0	0	0	791	0	0	0	0	0	0	0	0	3387	0	0	0	0	0	0	4151	0	0	0	0	12064	0	0	0	0	0	57318	0	0	0	133471	0	0	0	0
FFQ	141	0	0	0	0	0	0	0	765	0	0	0	0	0	0	0	0	3333	0	0	0	0	0	0	4273	0	0	0	0	11767	0	0	0	0	0	57335	0	0	0	133709	0	0	0	0
FFQ	142	0	0	0	0	0	0	0	681	0	0	0	0	0	0	0	0	3174	0	0	0	0	0	0	4246	0	0	0	0	11966	0	0	0	0	0	57741	0	0	0	133374	0	0	0	0
FFQ	143	0	0	0	1	0	0	0	718	0	0	0	0	0	0	0	0	3275	0	0	0	0	0	0	4280	0	0	0	0	11793	0	0	0	0	0	57655	0	0	0	133460	0	0	0	0
FFQ	144	0	0	0	1	0	0	0	647	0	0	0	0	0	0	0	0	3138	0	0	0	0	0	0	4364	0	0	0	0	11985	0	0	0	0	0	58527	0	0	0	132520	0	0	0	0
FFQ	145	0	0	0	0	0	0	0	535	0	0	0	0	0	0	0	0	3064	0	0	0	0	0	0	4225	0	0	0	0	11873	0	0	0	0	0	58684	0	0	0	132801	0	0	0	0
FFQ	146	0	0	0	0	0	0	0	417	0	0	0	0	0	0	0	0	2925	0	0	0	0	0	0	4253	0	0	0	0	11807	0	0	0	0	0	59531	0	0	0	132249	0	0	0	0
FFQ	147	0	0	0	0	0	0	0	256	0	0	0	0	0	0	0	0	2826	0	0	0	0	0	0	4075	0	0	0	0	12039	0	0	0	0	0	59550	0	0	0	132436	0	0	0	0
FFQ	148	0	0	0	0	0	0	0	127	0	0	0	0	0	0	0	0	2772	0	0	0	0	0	0	4050	0	0	0	0	11745	0	0	0	0	0	59922	0	0	0	132566	0	0	0	0
FFQ	149	0	0	0	0	0	0	0	1	0	0	0	0	0	0	0	0	2700	0	0	0	0	0	0	4258	0	0	0	0	11759	0	0	0	0	0	61003	0	0	0	131461	0	0	0	0
FFQ	150	0	0	0	0	0	0	0	0	0	0	0	0	0	0	0	0	5526	0	0	0	0	0	0	6622	0	0	0	0	18782	0	0	0	0	0	85997	0	0	0	94255	0	0	0	0
# Last Fragment Qualities. Use `grep ^LFQ | cut -f 2-` to extract this part.
# Columns correspond to qualities and rows to cycles. First column is the cycle number.
LFQ	1	0	0	0	0	0	0	0	370	0	0	0	0	0	0	0	0	6592	0	0	0	0	0	0	1839	0	0	0	0	16953	0	0	0	0	0	185452	0	0	0	0	0	0	0	0
LFQ	2	0	0	0	0	0	0	0	429	0	0	0	0	0	0	0	0	6102	0	0	0	0	0	0	2005	0	0	0	0	15541	0	0	0	0	0	187129	0	0	0	0	0	0	0	0
LFQ	3	0	0	0	0	0	0	0	369	0	0	0	0	0	0	0	0	5689	0	0	0	0	0	0	2031	0	0	0	0	14710	0	0	0	0	0	188407	0	0	0	0	0	0	0	0
LFQ	4	0	0	0	0	0	0	0	356	0	0	0	0	0	0	0	0	5323	0	0	0	0	0	0	976	0	0	0	0	5939	0	0	0	0	0	16418	0	0	0	182194	0	0	0	0
LFQ	5	0	0	0	1	0	0	0	318	0	0	0	0	0	0	0	0	5162	0	0	0	0	0	0	908	0	0	0	0	5791	0	0	0	0	0	15991	0	0	0	183035	0	0	0	0
LFQ	6	0	0	0	0	0	0	0	811	0	0	0	0	0	0	0	0	4616	0	0	0	0	0	0	1177	0	0	0	0	5669	0	0	0	0	0	16799	0	0	0	182134	0	0	0	0
LFQ	7	0	0	0	0	0	0	0	775	0	0	0	0	0	0	0	0	5084	0	0	0	0	0	0	1191	0	0	0	0	5908	0	0	0	0	0	16759	0	0	0	181489	0	0	0	0
LFQ	8	0	0	0	0	0	0	0	699	0	0	0	0	0	0	0	0	4783	0	0	0	0	0	0	1100	0	0	0	0	5849	0	0	0	0	0	16735	0	0	0	182040	0	0	0	0
LFQ	9	0	0	0	0	0	0	0	773	0	0	0	0	0	0	0	0	5098	0	0	0	0	0	0	1189	0	0	0	0	6085	0	0	0	0	0	16798	0	0	0	181263	0	0	0	0
LFQ	10	0	0	0	0	0	0	0	605	0	0	0	0	0	0	0	0	4900	0	0	0	0	0	0	1099	0	0	0	0	5734	0	0	0	0	0	16432	0	0	0	182436	0	0	0	0
LFQ	11	0	0	0	0	0	0	0	559	0	0	0	0	0	0	0	0	4754	0	0	0	0	0	0	1040	0	0	0	0	5727	0	0	0	0	0	15653	0	0	0	183473	0	0	0	0
LFQ	12	0	0	0	0	0	0	0	592	0	0	0	0	0	0	0	0	4677	0	0	0	0	0	0	1126	0	0	0	0	5601	0	0	0	0	0	15735	0	0	0	183475	0	0	0	0
LFQ	13	0	0	0	1	0	0	0	864	0	0	0	0	0	0	0	0	5456	0	0	0	0	0	0	1439	0	0	0	0	6718	0	0	0	0	0	17554	0	0	0	179174	0	0	0	0
LFQ	14	0	0	0	0	0	0	0	861	0	0	0	0	0	0	0	0	5557	0	0	0	0	0	0	1364	0	0	0	0	6533	0	0	0	0	0	17207	0	0	0	51904	0	0	127780	0
LFQ	15	0	0	0	0	0	0	0	732	0	0	0	0	0	0	0	0	5125	0	0	0	0	0	0	1299	0	0	0	0	6290	0	0	0	0	0	16788	0	0	0	52262	0	0	128710	0
LFQ	16	0	0	0	0	0	0	0	898	0	0	0	0	0	0	0	0	5264	0	0	0	0	0	0	1405	0	0	0	0	6395	0	0	0	0	0	17098	0	0	0	52808	0	0	127338	0
LFQ	17	0	0	0	0	0	0	0	812	0	0	0	0	0	0	0	0	4811	0	0	0	0	0	0	1324	0	0	0	0	6085	0	0	0	0	0	16704	0	0	0	52992	0	0	128478	0
LFQ	18	0	0	0	0	0	0	0	727	0	0	0	0	0	0	0	0	4727	0	0	0	0	0	0	1304	0	0	0	0	5953	0	0	0	0	0	16579	0	0	0	52635	0	0	129281	0
LFQ	19	0	0	0	0	0	0	0	752	0	0	0	0	0	0	0	0	4567	0	0	0	0	0	0	1426	0	0	0	0	5831	0	0	0	0	0	16230	0	0	0	50588	0	0	131812	0
LFQ	20	0	0	0	0	0	0	0	874	0	0	0	0	0	0	0	0	4754	0	0	0	0	0	0	1565	0	0	0	0	5884	0	0	0	0	0	16321	0	0	0	50910	0	0	130898	0
LFQ	21	0	0	0	0	0	0	0	868	0	0	0	0	0	0	0	0	4553	0	0	0	0	0	0	1643	0	0	0	0	5997	0	0	0	0	0	16686	0	0	0	50786	0	0	130673	0
LFQ	22	0	0	0	0	0	0	0	896	0	0	0	0	0	0	0	0	4439	0	0	0	0	0	0	1672	0	0	0	0	5698	0	0	0	0	0	16839	0	0	0	51845	0	0	129817	0
LFQ	23	0	0	0	1	0	0	0	848	0	0	0	0	0	0	0	0	4182	0	0	0	0	0	0	1723	0	0	0	0	5721	0	0	0	0	0	16846	0	0	0	52365	0	0	129520	0
LFQ	24	0	0	0	1	0	0	0	1074	0	0	0	0	0	0	0	0	4285	0	0	0	0	0	0	1959	0	0	0	0	5881	0	0	0	0	0	17238	0	0	0	52353	0	0	128415	0
LFQ	25	0	0	0	0	0	0	0	994	0	0	0	0	0	0	0	0	3966	0	0	0	0	0	0	1906	0	0	0	0	5658	0	0	0	0	0	16927	0	0	0	53006	0	0	128749	0
LFQ	26	0	0	0	0	0	0	0	1225	0	0	0	0	0	0	0	0	4105	0	0	0	0	0	0	2168	0	0	0	0	5780	0	0	0	0	0	17182	0	0	0	53416	0	0	127330	0
LFQ	27	0	0	0	0	0	0	0	1192	0	0	0	0	0	0	0	0	3884	0	0	0	0	0	0	2219	0	0	0	0	5790	0	0	0	0	0	17480	0	0	0	53468	0	0	127173	0
LFQ	28	0	0	0	0	0	0	0	1452	0	0	0	0	0	0	0	0	4026	0	0	0	0	0	0	2396	0	0	0	0	5713	0	0	0	0	0	17853	0	0	0	54177	0	0	125589	0
LFQ	29	0	0	0	0	0	0	0	1425	0	0	0	0	0	0	0	0	3800	0	0	0	0	0	0	2484	0	0	0	0	5645	0	0	0	0	0	17740	0	0	0	55613	0	0	124499	0
LFQ	30	0	0	0	0	0	0	0	1451	0	0	0	0	0	0	0	0	3425	0	0	0	0	0	0	2554	0	0	0	0	5535	0	0	0	0	0	17519	0	0	0	55618	0	0	125104	0
LFQ	31	0	0	0	1	0	0	0	1461	0	0	0	0	0	0	0	0	3301	0	0	0	0	0	0	2587	0	0	0	0	5347	0	0	0	0	0	17899	0	0	0	55735	0	0	124875	0
LFQ	32	0	0	0	0	0	0	0	1538	0	0	0	0	0	0	0	0	3186	0	0	0	0	0	0	2782	0	0	0	0	5627	0	0	0	0	0	17963	0	0	0	56181	0	0	123929	0
LFQ	33	0	0	0	0	0	0	0	1797	0	0	0	0	0	0	0	0	3281	0	0	0	0	0	0	2802	0	0	0	0	5693	0	0	0	0	0	18565	0	0	0	56713	0	0	122355	0
LFQ	34	0	0	0	0	0	0	0	1722	0	0	0	0	0	0	0	0	3098	0	0	0	0	0	0	2969	0	0	0	0	5714	0	0	0	0	0	18846	0	0	0	57060	0	0	121797	0
LFQ	35	0	0	0	0	0	0	0	1760	0	0	0	0	0	0	0	0	2857	0	0	0	0	0	0	2861	0	0	0	0	5744	0	0	0	0	0	18695	0	0	0	57883	0	0	121406	0
LFQ	36	0	0	0	1	0	0	0	1907	0	0	0	0	0	0	0	0	2947	0	0	0	0	0	0	3127	0	0	0	0	5938	0	0	0	0	0	19049	0	0	0	58887	0	0	119350	0
LFQ	37	0	0	0	1	0	0	0	1926	0	0	0	0	0	0	0	0	2852	0	0	0	0	0	0	3111	0	0	0	0	5909	0	0	0	0	0	19106	0	0	0	59529	0	0	118771	0
LFQ	38	0	0	0	0	0	0	0	1840	0	0	0	0	0	0	0	0	2740	0	0	0	0	0	0	3388	0	0	0	0	6077	0	0	0	0	0	19683	0	0	0	59971	0	0	117505	0
LFQ	39	0	0	0	0	0	0	0	1832	0	0	0	0	0	0	0	0	2832	0	0	0	0	0	0	3436	0	0	0	0	6155	0	0	0	0	0	19703	0	0	0	62761	0	0	114485	0
LFQ	40	0	0	0	1	0	0	0	1778	0	0	0	0	0	0	0	0	2791	0	0	0	0	0	0	3528	0	0	0	0	6202	0	0	0	0	0	20067	0	0	0	63481	0	0	113356	0
LFQ	41	0	0	0	0	0	0	0	1962	0	0	0	0	0	0	0	0	2923	0	0	0	0	0	0	3661	0	0	0	0	6454	0	0	0	0	0	21033	0	0	0	65944	0	0	109227	0
LFQ	42	0	0	0	0	0	0	0	1784	0	0	0	0	0	0	0	0	2984	0	0	0	0	0	0	3779	0	0	0	0	6660	0	0	0	0	0	21959	0	0	0	68629	0	0	105407	0
LFQ	43	0	0	0	0	0	0	0	1883	0	0	0	0	0	0	0	0	3015	0	0	0	0	0	0	3981	0	0	0	0	6685	0	0	0	0	0	22458	0	0	0	69768	0	0	103410	0
LFQ	44	0	0	0	0	0	0	0	1880	0	0	0	0	0	0	0	0	3047	0	0	0	0	0	0	4178	0	0	0	0	6990	0	0	0	0	0	22876	0	0	0	70588	0	0	101641	0
LFQ	45	0	0	0	2	0	0	0	1808	0	0	0	0	0	0	0	0	2885	0	0	0	0	0	0	4365	0	0	0	0	7124	0	0	0	0	0	23478	0	0	0	71938	0	0	99599	0
LFQ	46	0	0	0	1	0	0	0	1842	0	0	0	0	0	0	0	0	2736	0	0	0	0	0	0	4398	0	0	0	0	7233	0	0	0	0	0	23905	0	0	0	73265	0	0	97818	0
LFQ	47	0	0	0	0	0	0	0	1826	0	0	0	0	0	0	0	0	2858	0	0	0	0	0	0	4654	0	0	0	0	7479	0	0	0	0	0	24924	0	0	0	75759	0	0	93698	0
LFQ	48	0	0	0	0	0	0	0	1792	0	0	0	0	0	0	0	0	2935	0	0	0	0	0	0	4874	0	0	0	0	7639	0	0	0	0	0	25311	0	0	0	76973	0	0	91674	0
LFQ	49	0	0	0	0	0	0	0	1804	0	0	0	0	0	0	0	0	2982	0	0	0	0	0	0	4937	0	0	0	0	8167	0	0	0	0	0	26634	0	0	0	77660	0	0	89013	0
LFQ	50	0	0	0	1	0	0	0	1842	0	0	0	0	0	0	0	0	3016	0	0	0	0	0	0	5170	0	0	0	0	8168	0	0	0	0	0	27383	0	0	0	78352	0	0	87264	0
LFQ	51	0	0	0	0	0	0	0	1874	0	0	0	0	0	0	0	0	3017	0	0	0	0	0	0	5233	0	0	0	0	8237	0	0	0	0	0	28022	0	0	0	79727	0	0	85085	0
LFQ	52	0	0	0	0	0	0	0	1758	0	0	0	0	0	0	0	0	3015	0	0	0	0	0	0	5252	0	0	0	0	8430	0	0	0	0	0	28797	0	0	0	81356	0	0	82587	0
LFQ	53	0	0	0	0	0	0	0	1868	0	0	0	0	0	0	0	0	3065	0	0	0	0	0	0	5593	0	0	0	0	8835	0	0	0	0	0	30028	0	0	0	83365	0	0	78441	0
LFQ	54	0	0	0	0	0	0	0	1975	0	0	0	0	0	0	0	0	3300	0	0	0	0	0	0	5797	0	0	0	0	9340	0	0	0	0	0	30785	0	0	0	85345	0	0	74652	0
LFQ	55	0	0	0	1	0	0	0	1840	0	0	0	0	0	0	0	0	3253	0	0	0	0	0	0	5502	0	0	0	0	10254	0	0	0	0	0	31566	0	0	0	87086	0	0	71691	0
LFQ	56	0	0	0	0	0	0	0	1922	0	0	0	0	0	0	0	0	3257	0	0	0	0	0	0	5608	0	0	0	0	10699	0	0	0	0	0	32621	0	0	0	88327	0	0	68759	0
LFQ	57	0	0	0	0	0	0	0	1907	0	0	0	0	0	0	0	0	3340	0	0	0	0	0	0	5592	0	0	0	0	10753	0	0	0	0	0	34063	0	0	0	90030	0	0	65508	0
LFQ	58	0	0	0	1	0	0	0	1828	0	0	0	0	0	0	0	0	3202	0	0	0	0	0	0	5542	0	0	0	0	10791	0	0	0	0	0	34813	0	0	0	93326	0	0	61690	0
LFQ	59	0	0	0	0	0	0	0	1832	0	0	0	0	0	0	0	0	3246	0	0	0	0	0	0	5162	0	0	0	0	11471	0	0	0	0	0	35344	0	0	0	95002	0	0	59136	0
LFQ	60	0	0	0	0	0	0	0	2014	0	0	0	0	0	0	0	0	3435	0	0	0	0	0	0	5282	0	0	0	0	12329	0	0	0	0	0	36773	0	0	0	95663	0	0	55696	0
LFQ	61	0	0	0	0	0	0	0	1709	0	0	0	0	0	0	0	0	3145	0	0	0	0	0	0	5017	0	0	0	0	11521	0	0	0	0	0	36508	0	0	0	98716	0	0	54576	0
LFQ	62	0	0	0	0	0	0	0	1805	0	0	0	0	0	0	0	0	3333	0	0	0	0	0	0	5178	0	0	0	0	11820	0	0	0	0	0	36471	0	0	0	101164	0	0	51420	0
LFQ	63	0	0	0	0	0	0	0	1734	0	0	0	0	0	0	0	0	3292	0	0	0	0	0	0	5190	0	0	0	0	11669	0	0	0	0	0	37606	0	0	0	102560	0	0	49140	0
LFQ	64	0	0	0	1	0	0	0	1715	0	0	0	0	0	0	0	0	3461	0	0	0	0	0	0	5454	0	0	0	0	12211	0	0	0	0	0	38461	0	0	0	103760	0	0	46128	0
LFQ	65	0	0	0	1	0	0	0	1740	0	0	0	0	0	0	0	0	3524	0	0	0	0	0	0	5441	0	0	0	0	12407	0	0	0	0	0	39540	0	0	0	105031	0	0	43506	0
LFQ	66	0	0	0	0	0	0	0	1724	0	0	0	0	0	0	0	0	3503	0	0	0	0	0	0	5498	0	0	0	0	12542	0	0	0	0	0	40898	0	0	0	106595	0	0	40429	0
LFQ	67	0	0	0	0	0	0	0	1840	0	0	0	0	0	0	0	0	3513	0	0	0	0	0	0	5592	0	0	0	0	12869	0	0	0	0	0	41943	0	0	0	108532	0	0	36900	0
LFQ	68	0	0	0	0	0	0	0	1669	0	0	0	0	0	0	0	0	3582	0	0	0	0	0	0	5411	0	0	0	0	12999	0	0	0	0	0	42520	0	0	0	111497	0	0	33511	0
LFQ	69	0	0	0	1	0	0	0	1745	0	0	0	0	0	0	0	0	3697	0	0	0	0	0	0	5528	0	0	0	0	13176	0	0	0	0	0	43602	0	0	0	113257	0	0	30182	0
LFQ	70	0	0	0	0	0	0	0	1723	0	0	0	0	0	0	0	0	3726	0	0	0	0	0	0	5548	0	0	0	0	13362	0	0	0	0	0	44874	0	0	0	114740	0	0	27215	0
LFQ	71	0	0	0	0	0	0	0	1779	0	0	0	0	0	0	0	0	3530	0	0	0	0	0	0	5732	0	0	0	0	13441	0	0	0	0	0	45740	0	0	0	116714	0	0	24251	0
LFQ	72	0	0	0	0	0	0	0	1772	0	0	0	0	0	0	0	0	3629	0	0	0	0	0	0	5585	0	0	0	0	13641	0	0	0	0	0	46703	0	0	0	118089	0	0	21768	0
LFQ	73	0	0	0	0	0	0	0	1933	0	0	0	0	0	0	0	0	3791	0	0	0	0	0	0	5953	0	0	0	0	14163	0	0	0	0	0	48912	0	0	0	116980	0	0	19455	0
LFQ	74	0	0	0	0	0	0	0	1903	0	0	0	0	0	0	0	0	3909	0	0	0	0	0	0	5903	0	0	0	0	14359	0	0	0	0	0	49329	0	0	0	118492	0	0	17290	0
LFQ	75	0	0	0	0	0	0	0	1932	0	0	0	0	0	0	0	0	4052	0	0	0	0	0	0	6184	0	0	0	0	14420	0	0	0	0	0	50056	0	0	0	118798	0	0	15743	0
LFQ	76	0	0	0	0	0	0	0	1879	0	0	0	0	0	0	0	0	4195	0	0	0	0	0	0	6411	0	0	0	0	14858	0	0	0	0	0	51409	0	0	0	118484	0	0	13949	0
LFQ	77	0	0	0	1	0	0	0	1870	0	0	0	0	0	0	0	0	4065	0	0	0	0	0	0	6426	0	0	0	0	15013	0	0	0	0	0	53986	0	0	0	117704	0	0	12120	0
LFQ	78	0	0	0	0	0	0	0	1857	0	0	0	0	0	0	0	0	4075	0	0	0	0	0	0	6231	0	0	0	0	15013	0	0	0	0	0	54672	0	0	0	121621	0	0	7715	0
LFQ	79	0	0	0	0	0	0	0	1804	0	0	0	0	0	0	0	0	4318	0	0	0	0	0	0	6217	0	0	0	0	15293	0	0	0	0	0	54845	0	0	0	123206	0	0	5499	0
LFQ	80	0	0	0	0	0	0	0	1993	0	0	0	0	0	0	0	0	4223	0	0	0	0	0	0	6404	0	0	0	0	15236	0	0	0	0	0	55495	0	0	0	124733	0	0	3098	0
LFQ	81	0	0	0	0	0	0	0	2015	0	0	0	0	0	0	0	0	4465	0	0	0	0	0	0	6542	0	0	0	0	15360	0	0	0	0	0	56950	0	0	0	123662	0	0	2188	0
LFQ	82	0	0	0	0	0	0	0	2027	0	0	0	0	0	0	0	0	4528	0	0	0	0	0	0	6592	0	0	0	0	15573	0	0	0	0	0	57733	0	0	0	123118	0	0	1609	0
LFQ	83	0	0	0	0	0	0	0	2028	0	0	0	0	0	0	0	0	4656	0	0	0	0	0	0	6685	0	0	0	0	15769	0	0	0	0	0	58361	0	0	0	122575	0	0	1105	0
LFQ	84	0	0	0	0	0	0	0	2051	0	0	0	0	0	0	0	0	4778	0	0	0	0	0	0	7030	0	0	0	0	16198	0	0	0	0	0	59491	0	0	0	120843	0	0	787	0
LFQ	85	0	0	0	0	0	0	0	2044	0	0	0	0	0	0	0	0	4813	0	0	0	0	0	0	6763	0	0	0	0	16078	0	0	0	0	0	60295	0	0	0	120675	0	0	510	0
LFQ	86	0	0	0	0	0	0	0	1657	0	0	0	0	0	0	0	0	4080	0	0	0	0	0	0	5963	0	0	0	0	14901	0	0	0	0	0	58140	0	0	0	126056	0	0	381	0
LFQ	87	0	0	0	0	0	0	0	1675	0	0	0	0	0	0	0	0	4147	0	0	0	0	0	0	5640	0	0	0	0	14310	0	0	0	0	0	56846	0	0	0	128317	0	0	240	0
LFQ	88	0	0	0	0	0	0	0	1655	0	0	0	0	0	0	0	0	4172	0	0	0	0	0	0	5477	0	0	0	0	14070	0	0	0	0	0	56205	0	0	0	129440	0	0	155	0
LFQ	89	0	0	0	1	0	0	0	1709	0	0	0	0	0	0	0	0	4161	0	0	0	0	0	0	5730	0	0	0	0	14093	0	0	0	0	0	55431	0	0	0	129950	0	0	98	0
LFQ	90	0	0	0	0	0	0	0	1813	0	0	0	0	0	0	0	0	4472	0	0	0	0	0	0	5832	0	0	0	0	14248	0	0	0	0	0	55681	0	0	0	129061	0	0	65	0
LFQ	91	0	0	0	1	0	0	0	1648	0	0	0	0	0	0	0	0	4406	0	0	0	0	0	0	5751	0	0	0	0	14238	0	0	0	0	0	56558	0	0	0	128526	0	0	44	0
LFQ	92	0	0	0	0	0	0	0	1802	0	0	0	0	0	0	0	0	4529	0	0	0	0	0	0	5706	0	0	0	0	14674	0	0	0	0	0	56378	0	0	0	128058	0	0	25	0
LFQ	93	0	0	0	0	0	0	0	1706	0	0	0	0	0	0	0	0	4515	0	0	0	0	0	0	5690	0	0	0	0	14390	0	0	0	0	0	56841	0	0	0	128015	0	0	13	0
LFQ	94	0	0	0	0	0	0	0	1567	0	0	0	0	0	0	0	0	4451	0	0	0	0	0	0	5547	0	0	0	0	14155	0	0	0	0	0	56962	0	0	0	128478	0	0	8	0
LFQ	95	0	0	0	0	0	0	0	1718	0	0	0	0	0	0	0	0	4514	0	0	0	0	0	0	5598	0	0	0	0	14608	0	0	0	0	0	58020	0	0	0	126708	0	0	2	0
LFQ	96	0	0	0	1	0	0	0	1589	0	0	0	0	0	0	0	0	4538	0	0	0	0	0	0	5585	0	0	0	0	14375	0	0	0	0	0	57915	0	0	0	127160	0	0	2	0
LFQ	97	0	0	0	1	0	0	0	1556	0	0	0	0	0	0	0	0	4596	0	0	0	0	0	0	5571	0	0	0	0	14167	0	0	0	0	0	57719	0	0	0	127555	0	0	0	0
LFQ	98	0	0	0	0	0	0	0	1597	0	0	0	0	0	0	0	0	4511	0	0	0	0	0	0	5584	0	0	0	0	14326	0	0	0	0	0	58353	0	0	0	126792	0	0	2	0
LFQ	99	0	0	0	0	0	0	0	1578	0	0	0	0	0	0	0	0	4438	0	0	0	0	0	0	5442	0	0	0	0	14513	0	0	0	0	0	58115	0	0	0	127078	0	0	1	0
LFQ	100	0	0	0	0	0	0	0	1601	0	0	0	0	0	0	0	0	4469	0	0	0	0	0	0	5445	0	0	0	0	14033	0	0	0	0	0	57647	0	0	0	127970	0	0	0	0
LFQ	101	0	0	0	1	0	0	0	1589	0	0	0	0	0	0	0	0	4509	0	0	0	0	0	0	5658	0	0	0	0	14356	0	0	0	0	0	58260	0	0	0	126790	0	0	0	0
LFQ	102	0	0	0	0	0	0	0	1642	0	0	0	0	0	0	0	0	6092	0	0	0	0	0	0	8293	0	0	0	0	22926	0	0	0	0	0	99755	0	0	0	72453	0	0	0	0
LFQ	103	0	0	0	0	0	0	0	1634	0	0	0	0	0	0	0	0	5212	0	0	0	0	0	0	6683	0	0	0	0	17742	0	0	0	0	0	83871	0	0	0	0	0	0	96019	0
LFQ	104	0	0	0	1	0	0	0	1533	0	0	0	0	0	0	0	0	5007	0	0	0	0	0	0	6123	0	0	0	0	15597	0	0	0	0	0	67610	0	0	0	0	0	0	115288	0
LFQ	105	0	0	0	0	0	0	0	1467	0	0	0	0	0	0	0	0	4725	0	0	0	0	0	0	5789	0	0	0	0	14321	0	0	0	0	0	60968	0	0	0	0	0	0	123888	0
LFQ	106	0	0	0	0	0	0	0	1396	0	0	0	0	0	0	0	0	4489	0	0	0	0	0	0	5545	0	0	0	0	14021	0	0	0	0	0	59295	0	0	0	0	0	0	126412	0
LFQ	107	0	0	0	0	0	0	0	1421	0	0	0	0	0	0	0	0	4564	0	0	0	0	0	0	5157	0	0	0	0	13636	0	0	0	0	0	58414	0	0	0	0	0	0	127966	0
LFQ	108	0	0	0	0	0	0	0	1393	0	0	0	0	0	0	0	0	4642	0	0	0	0	0	0	5170	0	0	0	0	13801	0	0	0	0	0	56708	0	0	0	129444	0	0	0	0
LFQ	109	0	0	0	1	0	0	0	1495	0	0	0	0	0	0	0	0	4636	0	0	0	0	0	0	5251	0	0	0	0	13653	0	0	0	0	0	56639	0	0	0	129483	0	0	0	0
LFQ	110	0	0	0	0	0	0	0	1379	0	0	0	0	0	0	0	0	4665	0	0	0	0	0	0	5352	0	0	0	0	13648	0	0	0	0	0	56894	0	0	0	129220	0	0	0	0
LFQ	111	0	0	0	1	0	0	0	1339	0	0	0	0	0	0	0	0	4528	0	0	0	0	0	0	5303	0	0	0	0	13840	0	0	0	0	0	56717	0	0	0	129430	0	0	0	0
LFQ	112	0	0	0	0	0	0	0	1447	0	0	0	0	0	0	0	0	4690	0	0	0	0	0	0	5488	0	0	0	0	13661	0	0	0	0	0	56941	0	0	0	128930	0	0	0	0
LFQ	113	0	0	0	0	0	0	0	1504	0	0	0	0	0	0	0	0	4751	0	0	0	0	0	0	5555	0	0	0	0	13859	0	0	0	0	0	57022	0	0	0	128466	0	0	0	0
LFQ	114	0	0	0	0	0	0	0	1463	0	0	0	0	0	0	0	0	4777	0	0	0	0	0	0	5393	0	0	0	0	14030	0	0	0	0	0	57907	0	0	0	127587	0	0	0	0
LFQ	115	0	0	0	0	0	0	0	1364	0	0	0	0	0	0	0	0	4747	0	0	0	0	0	0	5439	0	0	0	0	14052	0	0	0	0	0	57493	0	0	0	128062	0	0	0	0
LFQ	116	0	0	0	0	0	0	0	1391	0	0	0	0	0	0	0	0	4823	0	0	0	0	0	0	5362	0	0	0	0	13984	0	0	0	0	0	58017	0	0	0	127580	0	0	0	0
LFQ	117	0	0	0	0	0	0	0	1358	0	0	0	0	0	0	0	0	4658	0	0	0	0	0	0	5470	0	0	0	0	14039	0	0	0	0	0	57796	0	0	0	127836	0	0	0	0
LFQ	118	0	0	0	0	0	0	0	1494	0	0	0	0	0	0	0	0	4886	0	0	0	0	0	0	5467	0	0	0	0	13870	0	0	0	0	0	57238	0	0	0	128202	0	0	0	0
LFQ	119	0	0	0	0	0	0	0	1645	0	0	0	0	0	0	0	0	5295	0	0	0	0	0	0	5742	0	0	0	0	13831	0	0	0	0	0	57385	0	0	0	127259	0	0	0	0
LFQ	120	0	0	0	0	0	0	0	1449	0	0	0	0	0	0	0	0	4990	0	0	0	0	0	0	5814	0	0	0	0	14202	0	0	0	0	0	57704	0	0	0	126998	0	0	0	0
LFQ	121	0	0	0	1	0	0	0	1515	0	0	0	0	0	0	0	0	5171	0	0	0	0	0	0	5647	0	0	0	0	14336	0	0	0	0	0	58091	0	0	0	126396	0	0	0	0
LFQ	122	0	0	0	0	0	0	0	1619	0	0	0	0	0	0	0	0	4916	0	0	0	0	0	0	5934	0	0	0	0	14130	0	0	0	0	0	58661	0	0	0	125897	0	0	0	0
LFQ	123	0	0	0	0	0	0	0	1542	0	0	0	0	0	0	0	0	4883	0	0	0	0	0	0	5649	0	0	0	0	14231	0	0	0	0	0	58920	0	0	0	125932	0	0	0	0
LFQ	124	0	0	0	0	0	0	0	1408	0	0	0	0	0	0	0	0	4817	0	0	0	0	0	0	5514	0	0	0	0	14088	0	0	0	0	0	59146	0	0	0	126183	0	0	0	0
LFQ	125	0	0	0	0	0	0	0	1512	0	0	0	0	0	0	0	0	5027	0	0	0	0	0	0	5358	0	0	0	0	14525	0	0	0	0	0	59662	0	0	0	125071	0	0	0	0
LFQ	126	0	0	0	0	0	0	0	1468	0	0	0	0	0	0	0	0	4849	0	0	0	0	0	0	5411	0	0	0	0	14250	0	0	0	0	0	59175	0	0	0	126002	0	0	0	0
LFQ	127	0	0	0	1	0	0	0	1478	0	0	0	0	0	0	0	0	4976	0	0	0	0	0	0	5549	0	0	0	0	14369	0	0	0	0	0	59193	0	0	0	125589	0	0	0	0
LFQ	128	0	0	0	0	0	0	0	1412	0	0	0	0	0	0	0	0	4903	0	0	0	0	0	0	5652	0	0	0	0	14181	0	0	0	0	0	60273	0	0	0	124733	0	0	0	0
LFQ	129	0	0	0	0	0	0	0	1417	0	0	0	0	0	0	0	0	4883	0	0	0	0	0	0	5638	0	0	0	0	14103	0	0	0	0	0	60173	0	0	0	124940	0	0	0	0
LFQ	130	0	0	0	0	0	0	0	1438	0	0	0	0	0	0	0	0	4845	0	0	0	0	0	0	5595	0	0	0	0	14286	0	0	0	0	0	59937	0	0	0	125053	0	0	0	0
LFQ	131	0	0	0	1	0	0	0	1392	0	0	0	0	0	0	0	0	4920	0	0	0	0	0	0	5675	0	0	0	0	14515	0	0	0	0	0	61377	0	0	0	123274	0	0	0	0
LFQ	132	0	0	0	0	0	0	0	1369	0	0	0	0	0	0	0	0	4855	0	0	0	0	0	0	5593	0	0	0	0	14500	0	0	0	0	0	61084	0	0	0	123752	0	0	0	0
LFQ	133	0	0	0	0	0	0	0	1327	0	0	0	0	0	0	0	0	4930	0	0	0	0	0	0	5329	0	0	0	0	14394	0	0	0	0	0	60365	0	0	0	124808	0	0	0	0
LFQ	134	0	0	0	0	0	0	0	1255	0	0	0	0	0	0	0	0	4700	0	0	0	0	0	0	5281	0	0	0	0	14529	0	0	0	0	0	60857	0	0	0	124531	0	0	0	0
LFQ	135	0	0	0	0	0	0	0	1218	0	0	0	0	0	0	0	0	4716	0	0	0	0	0	0	5095	0	0	0	0	14255	0	0	0	0	0	62286	0	0	0	123583	0	0	0	0
LFQ	136	0	0	0	1	0	0	0	1187	0	0	0	0	0	0	0	0	4727	0	0	0	0	0	0	5271	0	0	0	0	14324	0	0	0	0	0	61849	0	0	0	123794	0	0	0	0
LFQ	137	0	0	0	0	0	0	0	1193	0	0	0	0	0	0	0	0	4682	0	0	0	0	0	0	5239	0	0	0	0	14424	0	0	0	0	0	62996	0	0	0	122619	0	0	0	0
LFQ	138	0	0	0	0	0	0	0	1185	0	0	0	0	0	0	0	0	4769	0	0	0	0	0	0	5346	0	0	0	0	14499	0	0	0	0	0	63230	0	0	0	122124	0	0	0	0
LFQ	139	0	0	0	0	0	0	0	1115	0	0	0	0	0	0	0	0	4588	0	0	0	0	0	0	5206	0	0	0	0	14762	0	0	0	0	0	62918	0	0	0	122563	0	0	0	0
LFQ	140	0	0	0	0	0	0	0	1146	0	0	0	0	0	0	0	0	4600	0	0	0	0	0	0	5310	0	0	0	0	14742	0	0	0	0	0	62836	0	0	0	122518	0	0	0	0
LFQ	141	0	0	0	0	0	0	0	974	0	0	0	0	0	0	0	0	4369	0	0	0	0	0	0	5395	0	0	0	0	14532	0	0	0	0	0	63322	0	0	0	122559	0	0	0	0
LFQ	142	0	0	0	0	0	0	0	1168	0	0	0	0	0	0	0	0	4388	0	0	0	0	0	0	5339	0	0	0	0	14386	0	0	0	0	0	63521	0	0	0	122349	0	0	0	0
LFQ	143	0	0	0	1	0	0	0	978	0	0	0	0	0	0	0	0	4399	0	0	0	0	0	0	5396	0	0	0	0	14281	0	0	0	0	0	63807	0	0	0	122289	0	0	0	0
LFQ	144	0	0	0	0	0	0	0	946	0	0	0	0	0	0	0	0	4319	0	0	0	0	0	0	5603	0	0	0	0	14641	0	0	0	0	0	64519	0	0	0	121123	0	0	0	0
LFQ	145	0	0	0	0	0	0	0	801	0	0	0	0	0	0	0	0	4061	0	0	0	0	0	0	5363	0	0	0	0	14477	0	0	0	0	0	65319	0	0	0	121130	0	0	0	0
LFQ	146	0	0	0	0	0	0	0	671	0	0	0	0	0	0	0	0	4050	0	0	0	0	0	0	5375	0	0	0	0	14214	0	0	0	0	0	65712	0	0	0	121129	0	0	0	0
LFQ	147	0	0	0	0	0	0	0	398	0	0	0	0	0	0	0	0	3816	0	0	0	0	0	0	5205	0	0	0	0	14348	0	0	0	0	0	65503	0	0	0	121881	0	0	0	0
LFQ	148	0	0	0	1	0	0	0	169	0	0	0	0	0	0	0	0	3763	0	0	0	0	0	0	5264	0	0	0	0	14587	0	0	0	0	0	66548	0	0	0	120819	0	0	0	0
LFQ	149	0	0	0	0	0	0	0	0	0	0	0	0	0	0	0	0	3725	0	0	0	0	0	0	5360	0	0	0	0	14278	0	0	0	0	0	67273	0	0	0	120515	0	0	0	0
LFQ	150	0	0	0	0	0	0	0	0	0	0	0	0	0	0	0	0	8005	0	0	0	0	0	0	8913	0	0	0	0	23903	0	0	0	0	0	92045	0	0	0	78283	0	0	0	0
# GC Content of first fragments. Use `grep ^GCF | cut -f 2-` to extract this part.
GCF	6.28	0
GCF	12.81	1
GCF	13.32	0
GCF	14.07	2
GCF	14.82	3
GCF	15.33	8
GCF	16.08	12
GCF	16.83	22
GCF	17.34	36
GCF	18.09	47
GCF	18.84	88
GCF	19.35	130
GCF	20.10	154
GCF	20.85	211
GCF	21.36	261
GCF	22.11	302
GCF	22.86	412
GCF	23.37	549
GCF	24.12	712
GCF	24.87	932
GCF	25.38	1014
GCF	25.88	1188
GCF	26.38	1189
GCF	26.88	1450
GCF	27.39	1723
GCF	27.89	2023
GCF	28.39	2024
GCF	28.89	2380
GCF	29.40	2744
GCF	29.90	3296
GCF	30.40	3295
GCF	30.90	3841
GCF	31.41	4376
GCF	31.91	5109
GCF	32.41	5108
GCF	32.91	5710
GCF	33.42	6547
GCF	33.92	7391
GCF	34.42	8095
GCF	34.92	8094
GCF	35.43	8690
GCF	35.93	9449
GCF	36.68	9846
GCF	37.44	10558
GCF	37.94	10893
GCF	38.44	11084
GCF	38.94	11087
GCF	39.45	10906
GCF	39.95	10575
GCF	40.70	10177
GCF	41.46	9231
GCF	41.96	8495
GCF	42.46	7543
GCF	42.96	7544
GCF	43.47	6536
GCF	43.97	5605
GCF	44.72	4524
GCF	45.48	3685
GCF	45.98	2876
GCF	46.73	2199
GCF	47.49	1750
GCF	47.99	1338
GCF	48.74	954
GCF	49.50	750
GCF	50.00	565
GCF	50.75	462
GCF	51.51	369
GCF	52.01	317
GCF	52.76	223
GCF	53.52	177
GCF	54.02	134
GCF	54.77	120
GCF	55.53	93
GCF	56.03	66
GCF	56.78	67
GCF	57.54	51
GCF	58.04	34
GCF	58.79	52
GCF	59.55	22
GCF	60.05	16
GCF	60.80	15
GCF	61.56	5
GCF	62.06	2
GCF	63.07	3
# GC Content of last fragments. Use `grep ^GCL | cut -f 2-` to extract this part.
GCL	6.28	0
GCL	13.07	1
GCL	14.07	4
GCL	15.08	6
GCL	16.08	15
GCL	16.83	27
GCL	17.34	36
GCL	18.09	45
GCL	18.84	65
GCL	19.35	111
GCL	20.10	168
GCL	20.85	204
GCL	21.36	248
GCL	22.11	318
GCL	22.86	393
GCL	23.37	516
GCL	23.87	717
GCL	24.37	718
GCL	24.87	852
GCL	25.38	1040
GCL	26.13	1227
GCL	26.88	1464
GCL	27.39	1716
GCL	27.89	2075
GCL	28.39	2076
GCL	28.89	2329
GCL	29.40	2837
GCL	30.15	3282
GCL	30.90	3877
GCL	31.41	4439
GCL	31.91	5095
GCL	32.41	5092
GCL	32.91	5668
GCL	33.42	6563
GCL	33.92	7318
GCL	34.67	8027
GCL	35.43	8755
GCL	35.93	9486
GCL	36.43	9967
GCL	36.93	9963
GCL	37.44	10397
GCL	37.94	11079
GCL	38.44	11078
GCL	38.94	11079
GCL	39.45	10771
GCL	39.95	10557
GCL	40.45	10103
GCL	40.95	10104
GCL	41.46	9387
GCL	41.96	8281
GCL	42.71	7680
GCL	43.47	6520
GCL	43.97	5542
GCL	44.47	4554
GCL	44.97	4553
GCL	45.48	3719
GCL	45.98	2869
GCL	46.48	2213
GCL	46.98	2212
GCL	47.49	1735
GCL	47.99	1358
GCL	48.49	989
GCL	48.99	988
GCL	49.50	744
GCL	50.00	561
GCL	50.75	462
GCL	51.51	395
GCL	52.01	278
GCL	52.51	231
GCL	53.02	232
GCL	53.52	161
GCL	54.02	145
GCL	54.52	105
GCL	55.03	104
GCL	55.53	113
GCL	56.53	72
GCL	57.54	48
GCL	58.04	42
GCL	58.79	36
GCL	59.55	24
GCL	60.05	21
GCL	60.80	17
GCL	61.56	5
GCL	62.06	4
GCL	63.07	3
# ACGT content per cycle. Use `grep ^GCC | cut -f 2-` to extract this part. The columns are: cycle; A,C,G,T base counts as a percentage of all A/C/G/T bases [%]; and N and O counts as a percentage of all A/C/G/T bases [%]
GCC	1	30.68	19.27	18.47	31.58	0.00	0.00
GCC	2	30.68	19.26	18.46	31.60	0.00	0.00
GCC	3	30.66	19.19	18.57	31.58	0.00	0.00
GCC	4	30.58	19.16	18.55	31.71	0.00	0.00
GCC	5	30.76	19.13	18.50	31.61	0.00	0.00
GCC	6	30.68	19.05	18.64	31.62	0.00	0.00
GCC	7	30.71	19.24	18.46	31.60	0.00	0.00
GCC	8	30.71	19.20	18.56	31.53	0.00	0.00
GCC	9	30.59	19.25	18.66	31.51	0.00	0.00
GCC	10	30.64	19.15	18.48	31.73	0.00	0.00
GCC	11	30.72	19.09	18.47	31.72	0.00	0.00
GCC	12	30.61	19.22	18.56	31.62	0.00	0.00
GCC	13	30.53	19.27	18.57	31.62	0.00	0.00
GCC	14	30.56	19.23	18.49	31.72	0.00	0.00
GCC	15	30.61	19.25	18.45	31.69	0.00	0.00
GCC	16	30.58	19.30	18.47	31.65	0.00	0.00
GCC	17	30.75	19.26	18.40	31.60	0.00	0.00
GCC	18	30.70	19.16	18.55	31.59	0.00	0.00
GCC	19	30.61	19.24	18.55	31.59	0.00	0.00
GCC	20	30.58	19.16	18.63	31.64	0.00	0.00
GCC	21	30.70	19.26	18.51	31.53	0.00	0.00
GCC	22	30.82	19.07	18.54	31.57	0.00	0.00
GCC	23	30.65	19.18	18.54	31.63	0.00	0.00
GCC	24	30.59	19.40	18.49	31.52	0.00	0.00
GCC	25	30.69	19.24	18.45	31.62	0.00	0.00
GCC	26	30.66	19.16	18.53	31.65	0.00	0.00
GCC	27	30.63	19.17	18.47	31.74	0.00	0.00
GCC	28	30.69	19.18	18.54	31.58	0.00	0.00
GCC	29	30.74	19.18	18.54	31.54	0.00	0.00
GCC	30	30.72	19.09	18.51	31.68	0.00	0.00
GCC	31	30.86	19.16	18.46	31.52	0.00	0.00
GCC	32	30.68	19.17	18.53	31.61	0.00	0.00
GCC	33	30.64	19.27	18.52	31.57	0.00	0.00
GCC	34	30.75	19.20	18.54	31.51	0.00	0.00
GCC	35	30.76	19.25	18.52	31.47	0.00	0.00
GCC	36	30.59	19.32	18.61	31.47	0.00	0.00
GCC	37	30.70	19.23	18.51	31.57	0.00	0.00
GCC	38	30.66	19.29	18.48	31.57	0.00	0.00
GCC	39	30.59	19.26	18.60	31.55	0.00	0.00
GCC	40	30.69	19.22	18.62	31.46	0.00	0.00
GCC	41	30.59	19.29	18.51	31.62	0.00	0.00
GCC	42	30.64	19.24	18.52	31.60	0.00	0.00
GCC	43	30.77	19.21	18.51	31.52	0.00	0.00
GCC	44	30.59	19.22	18.58	31.61	0.00	0.00
GCC	45	30.65	19.23	18.59	31.53	0.00	0.00
GCC	46	30.57	19.30	18.51	31.62	0.00	0.00
GCC	47	30.62	19.20	18.52	31.65	0.00	0.00
GCC	48	30.66	19.24	18.54	31.57	0.00	0.00
GCC	49	30.62	19.24	18.55	31.60	0.00	0.00
GCC	50	30.73	19.17	18.54	31.56	0.00	0.00
GCC	51	30.68	19.25	18.53	31.54	0.00	0.00
GCC	52	30.76	19.21	18.44	31.59	0.00	0.00
GCC	53	30.64	19.16	18.62	31.58	0.00	0.00
GCC	54	30.54	19.25	18.50	31.71	0.00	0.00
GCC	55	30.63	19.18	18.57	31.62	0.00	0.00
GCC	56	30.59	19.14	18.61	31.66	0.00	0.00
GCC	57	30.67	19.14	18.59	31.60	0.00	0.00
GCC	58	30.65	19.14	18.54	31.67	0.00	0.00
GCC	59	30.63	19.19	18.54	31.64	0.00	0.00
GCC	60	30.60	19.11	18.63	31.66	0.00	0.00
GCC	61	30.70	19.23	18.51	31.55	0.00	0.00
GCC	62	30.69	19.13	18.58	31.60	0.00	0.00
GCC	63	30.56	19.21	18.53	31.70	0.00	0.00
GCC	64	30.66	19.19	18.57	31.57	0.00	0.00
GCC	65	30.62	19.16	18.67	31.55	0.00	0.00
GCC	66	30.68	19.22	18.47	31.63	0.00	0.00
GCC	67	30.76	19.11	18.45	31.69	0.00	0.00
GCC	68	30.66	19.18	18.52	31.63	0.00	0.00
GCC	69	30.68	19.20	18.63	31.49	0.00	0.00
GCC	70	30.54	19.28	18.54	31.64	0.00	0.00
GCC	71	30.56	19.33	18.45	31.66	0.00	0.00
GCC	72	30.57	19.15	18.55	31.72	0.00	0.00
GCC	73	30.67	19.24	18.52	31.58	0.00	0.00
GCC	74	30.62	19.25	18.62	31.51	0.00	0.00
GCC	75	30.69	19.16	18.47	31.68	0.00	0.00
GCC	76	30.74	19.18	18.54	31.54	0.00	0.00
GCC	77	30.72	19.19	18.46	31.63	0.00	0.00
GCC	78	30.66	19.29	18.53	31.53	0.00	0.00
GCC	79	30.66	19.23	18.49	31.62	0.00	0.00
GCC	80	30.66	19.21	18.60	31.53	0.00	0.00
GCC	81	30.75	19.19	18.52	31.54	0.00	0.00
GCC	82	30.56	19.18	18.57	31.68	0.00	0.00
GCC	83	30.56	19.27	18.54	31.63	0.00	0.00
GCC	84	30.55	19.28	18.48	31.68	0.00	0.00
GCC	85	30.55	19.23	18.44	31.78	0.00	0.00
GCC	86	30.56	19.27	18.51	31.66	0.00	0.00
GCC	87	30.67	19.18	18.58	31.57	0.00	0.00
GCC	88	30.56	19.31	18.54	31.60	0.00	0.00
GCC	89	30.69	19.21	18.49	31.61	0.00	0.00
GCC	90	30.62	19.21	18.53	31.64	0.00	0.00
GCC	91	30.60	19.25	18.60	31.55	0.00	0.00
GCC	92	30.69	19.19	18.41	31.70	0.00	0.00
GCC	93	30.63	19.20	18.58	31.58	0.00	0.00
GCC	94	30.60	19.27	18.60	31.53	0.00	0.00
GCC	95	30.78	19.14	18.51	31.58	0.00	0.00
GCC	96	30.76	19.13	18.46	31.65	0.00	0.00
GCC	97	30.64	19.29	18.44	31.64	0.00	0.00
GCC	98	30.73	19.14	18.51	31.62	0.00	0.00
GCC	99	30.69	19.20	18.58	31.53	0.00	0.00
GCC	100	30.74	19.21	18.50	31.54	0.00	0.00
GCC	101	30.68	19.23	18.46	31.63	0.00	0.00
GCC	102	30.61	19.28	18.51	31.60	0.00	0.00
GCC	103	30.75	19.29	18.52	31.45	0.00	0.00
GCC	104	30.70	19.27	18.45	31.58	0.00	0.00
GCC	105	30.86	19.16	18.50	31.48	0.00	0.00
GCC	106	30.59	19.18	18.58	31.65	0.00	0.00
GCC	107	30.51	19.34	18.57	31.58	0.00	0.00
GCC	108	30.64	19.16	18.46	31.73	0.00	0.00
GCC	109	30.64	19.24	18.60	31.51	0.00	0.00
GCC	110	30.67	19.25	18.50	31.59	0.00	0.00
GCC	111	30.71	19.18	18.55	31.57	0.00	0.00
GCC	112	30.73	19.25	18.60	31.42	0.00	0.00
GCC	113	30.59	19.19	18.54	31.67	0.00	0.00
GCC	114	30.60	19.20	18.56	31.64	0.00	0.00
GCC	115	30.60	19.21	18.57	31.61	0.00	0.00
GCC	116	30.62	19.18	18.54	31.65	0.00	0.00
GCC	117	30.56	19.30	18.48	31.66	0.00	0.00
GCC	118	30.59	19.21	18.50	31.70	0.00	0.00
GCC	119	30.54	19.19	18.56	31.72	0.00	0.00
GCC	120	30.63	19.16	18.56	31.65	0.00	0.00
GCC	121	30.70	19.23	18.40	31.67	0.00	0.00
GCC	122	30.53	19.33	18.45	31.69	0.00	0.00
GCC	123	30.59	19.21	18.51	31.69	0.00	0.00
GCC	124	30.65	19.30	18.57	31.48	0.00	0.00
GCC	125	30.61	19.33	18.52	31.54	0.00	0.00
GCC	126	30.68	19.19	18.50	31.63	0.00	0.00
GCC	127	30.81	19.09	18.56	31.54	0.00	0.00
GCC	128	30.64	19.14	18.52	31.69	0.00	0.00
GCC	129	30.66	19.16	18.63	31.55	0.00	0.00
GCC	130	30.63	19.17	18.63	31.57	0.00	0.00
GCC	131	30.62	19.27	18.56	31.55	0.00	0.00
GCC	132	30.77	19.17	18.48	31.58	0.00	0.00
GCC	133	30.73	19.20	18.51	31.56	0.00	0.00
GCC	134	30.70	19.16	18.55	31.60	0.00	0.00
GCC	135	30.54	19.34	18.58	31.54	0.00	0.00
GCC	136	30.67	19.23	18.47	31.63	0.00	0.00
GCC	137	30.64	19.15	18.52	31.69	0.00	0.00
GCC	138	30.56	19.10	18.55	31.79	0.00	0.00
GCC	139	30.64	19.22	18.50	31.64	0.00	0.00
GCC	140	30.62	19.20	18.49	31.69	0.00	0.00
GCC	141	30.73	19.21	18.41	31.65	0.00	0.00
GCC	142	30.52	19.40	18.50	31.59	0.00	0.00
GCC	143	30.59	19.23	18.62	31.56	0.00	0.00
GCC	144	30.62	19.18	18.58	31.62	0.00	0.00
GCC	145	30.62	19.16	18.55	31.67	0.00	0.00
GCC	146	30.65	19.19	18.51	31.65	0.00	0.00
GCC	147	30.66	19.17	18.54	31.64	0.00	0.00
GCC	148	30.67	19.14	18.56	31.63	0.00	0.00
GCC	149	30.64	19.19	18.62	31.54	0.00	0.00
GCC	150	30.71	19.20	18.53	31.56	0.00	0.00
# ACGT content per cycle, read oriented. Use `grep ^GCT | cut -f 2-` to extract this part. The columns are: cycle; A,C,G,T base counts as a percentage of all A/C/G/T bases [%]
GCT	1	31.13	18.84	18.90	31.13
GCT	2	31.21	18.87	18.86	31.07
GCT	3	31.14	18.84	18.92	31.10
GCT	4	31.22	18.81	18.90	31.07
GCT	5	31.29	18.91	18.72	31.08
GCT	6	31.15	18.85	18.85	31.15
GCT	7	31.14	18.80	18.89	31.17
GCT	8	31.16	18.83	18.93	31.08
GCT	9	31.08	18.90	19.00	31.02
GCT	10	31.23	18.84	18.79	31.14
GCT	11	31.20	18.75	18.81	31.24
GCT	12	31.00	18.93	18.85	31.22
GCT	13	31.11	18.93	18.92	31.05
GCT	14	31.13	18.85	18.87	31.15
GCT	15	31.04	18.88	18.82	31.26
GCT	16	31.23	18.90	18.87	31.00
GCT	17	31.28	18.87	18.79	31.07
GCT	18	31.10	18.84	18.87	31.20
GCT	19	31.20	18.97	18.83	31.01
GCT	20	31.08	18.92	18.87	31.14
GCT	21	31.19	18.74	19.02	31.05
GCT	22	31.24	18.83	18.78	31.15
GCT	23	31.13	18.89	18.84	31.15
GCT	24	31.11	18.98	18.91	31.00
GCT	25	31.19	18.93	18.75	31.13
GCT	26	31.14	18.85	18.84	31.16
GCT	27	31.10	18.82	18.81	31.27
GCT	28	31.03	18.87	18.85	31.24
GCT	29	31.10	18.88	18.84	31.18
GCT	30	31.21	18.77	18.83	31.19
GCT	31	31.14	18.85	18.77	31.25
GCT	32	31.10	18.89	18.82	31.20
GCT	33	30.97	18.90	18.88	31.25
GCT	34	31.11	18.94	18.81	31.14
GCT	35	31.00	18.90	18.87	31.23
GCT	36	30.96	19.03	18.91	31.11
GCT	37	31.09	18.92	18.81	31.18
GCT	38	31.06	18.91	18.86	31.17
GCT	39	31.03	18.89	18.97	31.11
GCT	40	31.05	18.92	18.93	31.10
GCT	41	31.15	18.92	18.88	31.05
GCT	42	31.05	18.87	18.89	31.19
GCT	43	31.09	18.83	18.89	31.19
GCT	44	31.14	18.90	18.89	31.06
GCT	45	31.13	19.00	18.82	31.06
GCT	46	31.17	18.91	18.89	31.03
GCT	47	31.12	18.85	18.88	31.15
GCT	48	31.06	18.95	18.83	31.16
GCT	49	31.12	18.89	18.89	31.09
GCT	50	31.09	18.75	18.95	31.20
GCT	51	31.10	18.89	18.90	31.12
GCT	52	31.14	18.84	18.82	31.20
GCT	53	31.20	18.87	18.91	31.02
GCT	54	31.27	18.94	18.81	30.98
GCT	55	31.14	18.88	18.87	31.10
GCT	56	31.08	18.94	18.81	31.17
GCT	57	31.15	18.88	18.86	31.12
GCT	58	31.13	18.88	18.80	31.20
GCT	59	31.10	18.85	18.88	31.17
GCT	60	31.03	18.85	18.88	31.23
GCT	61	31.09	18.94	18.80	31.17
GCT	62	31.26	18.90	18.81	31.03
GCT	63	31.13	18.91	18.83	31.13
GCT	64	31.13	18.87	18.90	31.10
GCT	65	31.10	18.91	18.92	31.08
GCT	66	31.17	18.93	18.76	31.14
GCT	67	31.19	18.78	18.78	31.25
GCT	68	31.18	18.84	18.86	31.12
GCT	69	31.05	18.91	18.92	31.12
GCT	70	31.19	18.84	18.98	30.99
GCT	71	31.20	18.86	18.93	31.01
GCT	72	31.15	18.84	18.87	31.14
GCT	73	31.19	18.95	18.80	31.05
GCT	74	31.18	18.86	19.01	30.95
GCT	75	31.20	18.75	18.88	31.17
GCT	76	31.16	18.89	18.83	31.12
GCT	77	31.19	18.85	18.80	31.16
GCT	78	31.03	18.97	18.84	31.15
GCT	79	31.10	18.84	18.88	31.18
GCT	80	31.08	18.91	18.90	31.11
GCT	81	31.13	18.84	18.87	31.16
GCT	82	31.18	18.90	18.85	31.07
GCT	83	31.10	18.86	18.95	31.09
GCT	84	31.02	18.79	18.98	31.21
GCT	85	31.15	18.82	18.85	31.18
GCT	86	31.00	18.81	18.97	31.22
GCT	87	31.14	18.85	18.91	31.10
GCT	88	31.00	19.01	18.84	31.15
GCT	89	31.10	18.93	18.77	31.20
GCT	90	31.18	18.82	18.93	31.08
GCT	91	31.17	18.99	18.87	30.97
GCT	92	31.18	18.84	18.77	31.21
GCT	93	31.20	18.83	18.96	31.01
GCT	94	31.22	18.90	18.97	30.92
GCT	95	31.15	18.84	18.81	31.20
GCT	96	31.27	18.83	18.76	31.14
GCT	97	31.16	18.86	18.86	31.12
GCT	98	31.20	18.81	18.84	31.15
GCT	99	31.20	18.81	18.97	31.02
GCT	100	31.12	18.80	18.91	31.17
GCT	101	31.10	18.83	18.86	31.21
GCT	102	31.07	18.79	19.00	31.14
GCT	103	31.18	18.90	18.91	31.01
GCT	104	31.02	18.92	18.80	31.26
GCT	105	31.06	18.85	18.81	31.28
GCT	106	31.11	18.85	18.91	31.13
GCT	107	31.04	18.97	18.94	31.05
GCT	108	31.16	18.88	18.75	31.21
GCT	109	31.08	18.97	18.88	31.07
GCT	110	31.06	18.79	18.95	31.19
GCT	111	31.13	18.92	18.81	31.14
GCT	112	31.13	18.94	18.92	31.02
GCT	113	31.10	18.88	18.85	31.17
GCT	114	31.13	18.91	18.86	31.11
GCT	115	31.11	18.92	18.87	31.10
GCT	116	31.13	18.92	18.81	31.14
GCT	117	31.04	18.91	18.87	31.18
GCT	118	31.19	18.79	18.92	31.10
GCT	119	31.15	18.94	18.80	31.11
GCT	120	31.14	18.88	18.84	31.14
GCT	121	31.19	18.89	18.75	31.17
GCT	122	31.05	18.91	18.86	31.17
GCT	123	31.15	18.85	18.86	31.14
GCT	124	31.03	18.88	18.98	31.11
GCT	125	31.11	18.94	18.92	31.04
GCT	126	31.05	18.81	18.89	31.26
GCT	127	31.16	18.83	18.82	31.19
GCT	128	31.16	18.82	18.84	31.17
GCT	129	31.06	18.92	18.87	31.15
GCT	130	31.05	18.96	18.84	31.15
GCT	131	31.06	18.89	18.94	31.12
GCT	132	31.22	18.84	18.81	31.13
GCT	133	31.21	18.84	18.87	31.08
GCT	134	31.22	18.84	18.86	31.08
GCT	135	31.04	18.94	18.99	31.04
GCT	136	31.13	18.89	18.81	31.17
GCT	137	31.22	18.80	18.87	31.11
GCT	138	31.24	18.79	18.86	31.12
GCT	139	31.06	18.80	18.92	31.22
GCT	140	31.09	18.87	18.82	31.21
GCT	141	31.25	18.74	18.88	31.13
GCT	142	30.99	18.94	18.95	31.12
GCT	143	31.08	18.99	18.86	31.06
GCT	144	31.14	18.87	18.89	31.11
GCT	145	31.24	18.90	18.81	31.04
GCT	146	31.12	18.78	18.91	31.18
GCT	147	31.14	18.85	18.85	31.16
GCT	148	31.18	18.89	18.81	31.12
GCT	149	31.04	18.93	18.89	31.14
GCT	150	31.05	18.83	18.90	31.21
# ACGT content per cycle for first fragments. Use `grep ^FBC | cut -f 2-` to extract this part. The columns are: cycle; A,C,G,T base counts as a percentage of all A/C/G/T bases [%]; and N and O counts as a percentage of all A/C/G/T bases [%]
FBC	1	30.71	19.27	18.42	31.61	0.00	0.00
FBC	2	30.70	19.27	18.46	31.58	0.00	0.00
FBC	3	30.65	19.13	18.67	31.54	0.00	0.00
FBC	4	30.39	19.24	18.60	31.77	0.00	0.00
FBC	5	30.72	19.13	18.47	31.69	0.00	0.00
FBC	6	30.55	19.05	18.61	31.79	0.00	0.00
FBC	7	30.64	19.32	18.48	31.56	0.00	0.00
FBC	8	30.76	19.26	18.55	31.43	0.00	0.00
FBC	9	30.72	19.11	18.71	31.47	0.00	0.00
FBC	10	30.70	19.13	18.44	31.73	0.00	0.00
FBC	11	30.64	19.05	18.59	31.72	0.00	0.00
FBC	12	30.70	19.12	18.64	31.53	0.00	0.00
FBC	13	30.60	19.26	18.65	31.48	0.00	0.00
FBC	14	30.49	19.21	18.44	31.86	0.00	0.00
FBC	15	30.66	19.26	18.39	31.70	0.00	0.00
FBC	16	30.58	19.35	18.53	31.55	0.00	0.00
FBC	17	30.65	19.25	18.45	31.64	0.00	0.00
FBC	18	30.62	19.18	18.61	31.60	0.00	0.00
FBC	19	30.59	19.31	18.53	31.57	0.00	0.00
FBC	20	30.52	19.16	18.64	31.67	0.00	0.00
FBC	21	30.65	19.29	18.52	31.55	0.00	0.00
FBC	22	30.76	19.20	18.49	31.55	0.00	0.00
FBC	23	30.62	19.13	18.55	31.71	0.00	0.00
FBC	24	30.59	19.33	18.50	31.58	0.00	0.00
FBC	25	30.79	19.19	18.55	31.47	0.00	0.00
FBC	26	30.62	19.16	18.50	31.72	0.00	0.00
FBC	27	30.60	19.13	18.52	31.75	0.00	0.00
FBC	28	30.56	19.18	18.58	31.68	0.00	0.00
FBC	29	30.70	19.16	18.54	31.59	0.00	0.00
FBC	30	30.83	19.01	18.60	31.55	0.00	0.00
FBC	31	30.85	19.11	18.49	31.54	0.00	0.00
FBC	32	30.79	19.08	18.45	31.68	0.00	0.00
FBC	33	30.61	19.29	18.54	31.56	0.00	0.00
FBC	34	30.69	19.25	18.55	31.52	0.00	0.00
FBC	35	30.74	19.27	18.53	31.46	0.00	0.00
FBC	36	30.62	19.27	18.54	31.57	0.00	0.00
FBC	37	30.64	19.34	18.58	31.43	0.00	0.00
FBC	38	30.76	19.20	18.49	31.55	0.00	0.00
FBC	39	30.65	19.22	18.51	31.62	0.00	0.00
FBC	40	30.66	19.26	18.65	31.43	0.00	0.00
FBC	41	30.56	19.31	18.58	31.55	0.00	0.00
FBC	42	30.60	19.23	18.55	31.63	0.00	0.00
FBC	43	30.75	19.14	18.60	31.51	0.00	0.00
FBC	44	30.67	19.09	18.53	31.71	0.00	0.00
FBC	45	30.75	19.24	18.47	31.54	0.00	0.00
FBC	46	30.56	19.34	18.48	31.62	0.00	0.00
FBC	47	30.62	19.24	18.52	31.62	0.00	0.00
FBC	48	30.62	19.34	18.42	31.62	0.00	0.00
FBC	49	30.63	19.38	18.56	31.43	0.00	0.00
FBC	50	30.80	19.14	18.53	31.53	0.00	0.00
FBC	51	30.74	19.27	18.50	31.49	0.00	0.00
FBC	52	30.77	19.25	18.41	31.56	0.00	0.00
FBC	53	30.62	19.22	18.73	31.42	0.00	0.00
FBC	54	30.58	19.25	18.53	31.64	0.00	0.00
FBC	55	30.67	19.22	18.57	31.54	0.00	0.00
FBC	56	30.60	19.06	18.58	31.75	0.00	0.00
FBC	57	30.76	19.13	18.49	31.62	0.00	0.00
FBC	58	30.70	19.13	18.53	31.64	0.00	0.00
FBC	59	30.76	19.12	18.55	31.57	0.00	0.00
FBC	60	30.67	19.12	18.60	31.61	0.00	0.00
FBC	61	30.64	19.21	18.57	31.58	0.00	0.00
FBC	62	30.64	19.17	18.62	31.57	0.00	0.00
FBC	63	30.63	19.08	18.61	31.69	0.00	0.00
FBC	64	30.68	19.14	18.62	31.55	0.00	0.00
FBC	65	30.72	19.08	18.72	31.48	0.00	0.00
FBC	66	30.71	19.20	18.52	31.57	0.00	0.00
FBC	67	30.85	19.14	18.32	31.68	0.00	0.00
FBC	68	30.70	19.13	18.51	31.65	0.00	0.00
FBC	69	30.75	19.15	18.66	31.44	0.00	0.00
FBC	70	30.50	19.34	18.47	31.69	0.00	0.00
FBC	71	30.49	19.40	18.49	31.61	0.00	0.00
FBC	72	30.52	19.13	18.53	31.83	0.00	0.00
FBC	73	30.67	19.24	18.57	31.53	0.00	0.00
FBC	74	30.65	19.30	18.64	31.40	0.00	0.00
FBC	75	30.67	19.16	18.45	31.72	0.00	0.00
FBC	76	30.69	19.14	18.60	31.57	0.00	0.00
FBC	77	30.78	19.20	18.38	31.65	0.00	0.00
FBC	78	30.82	19.28	18.52	31.39	0.00	0.00
FBC	79	30.63	19.28	18.50	31.59	0.00	0.00
FBC	80	30.61	19.25	18.55	31.59	0.00	0.00
FBC	81	30.75	19.22	18.45	31.58	0.00	0.00
FBC	82	30.59	19.28	18.47	31.65	0.00	0.00
FBC	83	30.54	19.37	18.50	31.59	0.00	0.00
FBC	84	30.51	19.37	18.39	31.73	0.00	0.00
FBC	85	30.53	19.17	18.44	31.86	0.00	0.00
FBC	86	30.41	19.29	18.49	31.81	0.00	0.00
FBC	87	30.70	19.18	18.52	31.60	0.00	0.00
FBC	88	30.51	19.41	18.57	31.51	0.00	0.00
FBC	89	30.67	19.22	18.40	31.71	0.00	0.00
FBC	90	30.60	19.24	18.62	31.54	0.00	0.00
FBC	91	30.64	19.22	18.66	31.47	0.00	0.00
FBC	92	30.76	19.15	18.33	31.75	0.00	0.00
FBC	93	30.57	19.18	18.58	31.68	0.00	0.00
FBC	94	30.58	19.37	18.58	31.47	0.00	0.00
FBC	95	30.90	19.14	18.47	31.49	0.00	0.00
FBC	96	30.69	19.13	18.49	31.69	0.00	0.00
FBC	97	30.69	19.32	18.31	31.68	0.00	0.00
FBC	98	30.63	19.09	18.59	31.70	0.00	0.00
FBC	99	30.74	19.18	18.52	31.57	0.00	0.00
FBC	100	30.71	19.23	18.54	31.52	0.00	0.00
FBC	101	30.79	19.21	18.46	31.54	0.00	0.00
FBC	102	30.56	19.30	18.63	31.51	0.00	0.00
FBC	103	30.76	19.26	18.58	31.41	0.00	0.00
FBC	104	30.69	19.34	18.39	31.58	0.00	0.00
FBC	105	30.84	19.12	18.52	31.53	0.00	0.00
FBC	106	30.55	19.26	18.55	31.65	0.00	0.00
FBC	107	30.46	19.24	18.63	31.67	0.00	0.00
FBC	108	30.75	19.16	18.48	31.61	0.00	0.00
FBC	109	30.75	19.15	18.61	31.49	0.00	0.00
FBC	110	30.67	19.14	18.45	31.74	0.00	0.00
FBC	111	30.78	19.15	18.54	31.53	0.00	0.00
FBC	112	30.88	19.19	18.65	31.28	0.00	0.00
FBC	113	30.46	19.24	18.69	31.61	0.00	0.00
FBC	114	30.53	19.23	18.53	31.71	0.00	0.00
FBC	115	30.65	19.25	18.57	31.53	0.00	0.00
FBC	116	30.60	19.27	18.53	31.61	0.00	0.00
FBC	117	30.59	19.36	18.39	31.65	0.00	0.00
FBC	118	30.60	19.16	18.51	31.73	0.00	0.00
FBC	119	30.57	19.20	18.60	31.63	0.00	0.00
FBC	120	30.59	19.17	18.59	31.64	0.00	0.00
FBC	121	30.65	19.15	18.46	31.73	0.00	0.00
FBC	122	30.42	19.31	18.51	31.75	0.00	0.00
FBC	123	30.55	19.22	18.58	31.66	0.00	0.00
FBC	124	30.73	19.13	18.59	31.55	0.00	0.00
FBC	125	30.69	19.26	18.45	31.59	0.00	0.00
FBC	126	30.67	19.09	18.55	31.69	0.00	0.00
FBC	127	30.78	19.24	18.52	31.46	0.00	0.00
FBC	128	30.66	19.15	18.44	31.74	0.00	0.00
FBC	129	30.63	19.12	18.71	31.54	0.00	0.00
FBC	130	30.60	19.20	18.56	31.65	0.00	0.00
FBC	131	30.67	19.24	18.51	31.58	0.00	0.00
FBC	132	30.79	19.16	18.41	31.64	0.00	0.00
FBC	133	30.85	19.18	18.57	31.40	0.00	0.00
FBC	134	30.75	19.09	18.47	31.69	0.00	0.00
FBC	135	30.70	19.26	18.52	31.52	0.00	0.00
FBC	136	30.69	19.25	18.42	31.64	0.00	0.00
FBC	137	30.49	19.12	18.54	31.85	0.00	0.00
FBC	138	30.53	19.07	18.60	31.80	0.00	0.00
FBC	139	30.59	19.26	18.58	31.57	0.00	0.00
FBC	140	30.63	19.20	18.44	31.73	0.00	0.00
FBC	141	30.69	19.10	18.47	31.74	0.00	0.00
FBC	142	30.49	19.39	18.44	31.68	0.00	0.00
FBC	143	30.55	19.21	18.58	31.66	0.00	0.00
FBC	144	30.58	19.20	18.64	31.57	0.00	0.00
FBC	145	30.59	19.21	18.54	31.65	0.00	0.00
FBC	146	30.56	19.13	18.49	31.82	0.00	0.00
FBC	147	30.57	19.17	18.49	31.76	0.00	0.00
FBC	148	30.60	19.21	18.55	31.65	0.00	0.00
FBC	149	30.54	19.25	18.63	31.58	0.00	0.00
FBC	150	30.65	19.22	18.50	31.63	0.00	0.00
# ACGT raw counters for first fragments. Use `grep ^FTC | cut -f 2-` to extract this part. The columns are: A,C,G,T,N base counters
FTC	9710265	6085148	5870724	10013176	0
# ACGT content per cycle for last fragments. Use `grep ^LBC | cut -f 2-` to extract this part. The columns are: cycle; A,C,G,T base counts as a percentage of all A/C/G/T bases [%]; and N and O counts as a percentage of all A/C/G/T bases [%]
LBC	1	30.65	19.27	18.53	31.56	0.00	0.00
LBC	2	30.66	19.26	18.47	31.61	0.00	0.00
LBC	3	30.67	19.25	18.46	31.62	0.00	0.00
LBC	4	30.77	19.07	18.51	31.65	0.00	0.00
LBC	5	30.79	19.14	18.54	31.53	0.00	0.00
LBC	6	30.81	19.06	18.68	31.46	0.00	0.00
LBC	7	30.78	19.16	18.43	31.63	0.00	0.00
LBC	8	30.65	19.13	18.58	31.63	0.00	0.00
LBC	9	30.47	19.39	18.60	31.55	0.00	0.00
LBC	10	30.59	19.16	18.52	31.73	0.00	0.00
LBC	11	30.80	19.13	18.35	31.72	0.00	0.00
LBC	12	30.51	19.31	18.48	31.70	0.00	0.00
LBC	13	30.46	19.27	18.50	31.76	0.00	0.00
LBC	14	30.63	19.25	18.54	31.59	0.00	0.00
LBC	15	30.56	19.25	18.51	31.68	0.00	0.00
LBC	16	30.59	19.24	18.42	31.75	0.00	0.00
LBC	17	30.85	19.26	18.34	31.55	0.00	0.00
LBC	18	30.79	19.15	18.49	31.58	0.00	0.00
LBC	19	30.63	19.18	18.58	31.61	0.00	0.00
LBC	20	30.63	19.16	18.61	31.61	0.00	0.00
LBC	21	30.75	19.23	18.50	31.52	0.00	0.00
LBC	22	30.88	18.94	18.58	31.59	0.00	0.00
LBC	23	30.67	19.24	18.53	31.56	0.00	0.00
LBC	24	30.59	19.47	18.49	31.45	0.00	0.00
LBC	25	30.60	19.28	18.35	31.77	0.00	0.00
LBC	26	30.70	19.16	18.56	31.58	0.00	0.00
LBC	27	30.66	19.20	18.42	31.72	0.00	0.00
LBC	28	30.82	19.18	18.51	31.49	0.00	0.00
LBC	29	30.78	19.20	18.54	31.48	0.00	0.00
LBC	30	30.60	19.17	18.42	31.81	0.00	0.00
LBC	31	30.86	19.21	18.42	31.51	0.00	0.00
LBC	32	30.57	19.27	18.62	31.55	0.00	0.00
LBC	33	30.67	19.25	18.50	31.58	0.00	0.00
LBC	34	30.81	19.16	18.53	31.50	0.00	0.00
LBC	35	30.77	19.23	18.52	31.48	0.00	0.00
LBC	36	30.57	19.38	18.67	31.37	0.00	0.00
LBC	37	30.76	19.11	18.43	31.70	0.00	0.00
LBC	38	30.56	19.38	18.47	31.59	0.00	0.00
LBC	39	30.52	19.30	18.68	31.49	0.00	0.00
LBC	40	30.72	19.19	18.60	31.49	0.00	0.00
LBC	41	30.61	19.27	18.44	31.68	0.00	0.00
LBC	42	30.68	19.25	18.50	31.57	0.00	0.00
LBC	43	30.79	19.28	18.42	31.52	0.00	0.00
LBC	44	30.52	19.34	18.62	31.51	0.00	0.00
LBC	45	30.55	19.22	18.71	31.52	0.00	0.00
LBC	46	30.59	19.26	18.53	31.62	0.00	0.00
LBC	47	30.62	19.17	18.52	31.69	0.00	0.00
LBC	48	30.69	19.15	18.65	31.51	0.00	0.00
LBC	49	30.60	19.09	18.53	31.77	0.00	0.00
LBC	50	30.66	19.19	18.56	31.60	0.00	0.00
LBC	51	30.62	19.24	18.56	31.59	0.00	0.00
LBC	52	30.74	19.18	18.47	31.61	0.00	0.00
LBC	53	30.65	19.11	18.50	31.74	0.00	0.00
LBC	54	30.50	19.24	18.48	31.78	0.00	0.00
LBC	55	30.59	19.14	18.58	31.69	0.00	0.00
LBC	56	30.57	19.22	18.63	31.58	0.00	0.00
LBC	57	30.58	19.16	18.69	31.57	0.00	0.00
LBC	58	30.60	19.15	18.54	31.71	0.00	0.00
LBC	59	30.51	19.25	18.53	31.71	0.00	0.00
LBC	60	30.54	19.09	18.65	31.72	0.00	0.00
LBC	61	30.77	19.26	18.45	31.53	0.00	0.00
LBC	62	30.74	19.09	18.54	31.64	0.00	0.00
LBC	63	30.48	19.35	18.45	31.71	0.00	0.00
LBC	64	30.64	19.24	18.52	31.59	0.00	0.00
LBC	65	30.53	19.24	18.61	31.62	0.00	0.00
LBC	66	30.64	19.25	18.42	31.69	0.00	0.00
LBC	67	30.66	19.07	18.58	31.69	0.00	0.00
LBC	68	30.62	19.23	18.53	31.61	0.00	0.00
LBC	69	30.62	19.25	18.60	31.53	0.00	0.00
LBC	70	30.58	19.22	18.61	31.60	0.00	0.00
LBC	71	30.63	19.26	18.41	31.70	0.00	0.00
LBC	72	30.63	19.18	18.58	31.61	0.00	0.00
LBC	73	30.67	19.24	18.46	31.63	0.00	0.00
LBC	74	30.59	19.20	18.60	31.61	0.00	0.00
LBC	75	30.70	19.16	18.49	31.65	0.00	0.00
LBC	76	30.79	19.22	18.48	31.52	0.00	0.00
LBC	77	30.67	19.19	18.53	31.60	0.00	0.00
LBC	78	30.50	19.29	18.54	31.66	0.00	0.00
LBC	79	30.69	19.18	18.48	31.66	0.00	0.00
LBC	80	30.72	19.17	18.64	31.47	0.00	0.00
LBC	81	30.75	19.16	18.59	31.50	0.00	0.00
LBC	82	30.53	19.08	18.67	31.72	0.00	0.00
LBC	83	30.57	19.17	18.58	31.68	0.00	0.00
LBC	84	30.59	19.20	18.58	31.63	0.00	0.00
LBC	85	30.57	19.29	18.44	31.70	0.00	0.00
LBC	86	30.70	19.25	18.53	31.52	0.00	0.00
LBC	87	30.65	19.18	18.64	31.53	0.00	0.00
LBC	88	30.60	19.21	18.51	31.68	0.00	0.00
LBC	89	30.70	19.20	18.57	31.52	0.00	0.00
LBC	90	30.65	19.18	18.44	31.73	0.00	0.00
LBC	91	30.56	19.28	18.54	31.62	0.00	0.00
LBC	92	30.62	19.23	18.49	31.65	0.00	0.00
LBC	93	30.70	19.23	18.59	31.48	0.00	0.00
LBC	94	30.63	19.17	18.61	31.59	0.00	0.00
LBC	95	30.66	19.13	18.55	31.66	0.00	0.00
LBC	96	30.84	19.12	18.43	31.61	0.00	0.00
LBC	97	30.58	19.26	18.56	31.60	0.00	0.00
LBC	98	30.83	19.19	18.44	31.54	0.00	0.00
LBC	99	30.65	19.22	18.64	31.49	0.00	0.00
LBC	100	30.78	19.19	18.46	31.57	0.00	0.00
LBC	101	30.57	19.25	18.46	31.72	0.00	0.00
LBC	102	30.66	19.25	18.39	31.69	0.00	0.00
LBC	103	30.73	19.32	18.47	31.48	0.00	0.00
LBC	104	30.71	19.19	18.52	31.58	0.00	0.00
LBC	105	30.89	19.20	18.49	31.43	0.00	0.00
LBC	106	30.63	19.11	18.61	31.65	0.00	0.00
LBC	107	30.55	19.43	18.52	31.50	0.00	0.00
LBC	108	30.53	19.17	18.45	31.85	0.00	0.00
LBC	109	30.53	19.34	18.60	31.54	0.00	0.00
LBC	110	30.66	19.35	18.55	31.43	0.00	0.00
LBC	111	30.63	19.20	18.56	31.60	0.00	0.00
LBC	112	30.57	19.31	18.56	31.56	0.00	0.00
LBC	113	30.73	19.14	18.39	31.74	0.00	0.00
LBC	114	30.66	19.16	18.60	31.57	0.00	0.00
LBC	115	30.56	19.18	18.58	31.68	0.00	0.00
LBC	116	30.65	19.10	18.56	31.69	0.00	0.00
LBC	117	30.52	19.24	18.56	31.67	0.00	0.00
LBC	118	30.58	19.26	18.49	31.67	0.00	0.00
LBC	119	30.51	19.17	18.51	31.80	0.00	0.00
LBC	120	30.67	19.15	18.53	31.66	0.00	0.00
LBC	121	30.75	19.32	18.34	31.60	0.00	0.00
LBC	122	30.64	19.35	18.38	31.64	0.00	0.00
LBC	123	30.64	19.19	18.44	31.73	0.00	0.00
LBC	124	30.57	19.47	18.54	31.42	0.00	0.00
LBC	125	30.52	19.39	18.60	31.49	0.00	0.00
LBC	126	30.69	19.29	18.45	31.57	0.00	0.00
LBC	127	30.85	18.94	18.60	31.61	0.00	0.00
LBC	128	30.63	19.13	18.60	31.65	0.00	0.00
LBC	129	30.69	19.19	18.55	31.57	0.00	0.00
LBC	130	30.67	19.14	18.70	31.49	0.00	0.00
LBC	131	30.58	19.30	18.61	31.51	0.00	0.00
LBC	132	30.75	19.17	18.55	31.53	0.00	0.00
LBC	133	30.62	19.22	18.45	31.71	0.00	0.00
LBC	134	30.64	19.22	18.62	31.51	0.00	0.00
LBC	135	30.38	19.43	18.64	31.56	0.00	0.00
LBC	136	30.64	19.22	18.51	31.63	0.00	0.00
LBC	137	30.79	19.18	18.50	31.52	0.00	0.00
LBC	138	30.59	19.13	18.51	31.77	0.00	0.00
LBC	139	30.69	19.18	18.42	31.72	0.00	0.00
LBC	140	30.61	19.20	18.54	31.64	0.00	0.00
LBC	141	30.77	19.31	18.36	31.56	0.00	0.00
LBC	142	30.55	19.41	18.55	31.49	0.00	0.00
LBC	143	30.62	19.26	18.67	31.45	0.00	0.00
LBC	144	30.65	19.15	18.52	31.68	0.00	0.00
LBC	145	30.64	19.12	18.55	31.69	0.00	0.00
LBC	146	30.75	19.24	18.52	31.49	0.00	0.00
LBC	147	30.74	19.16	18.58	31.51	0.00	0.00
LBC	148	30.75	19.08	18.57	31.60	0.00	0.00
LBC	149	30.75	19.14	18.61	31.50	0.00	0.00
LBC	150	30.77	19.18	18.57	31.49	0.00	0.00
# ACGT raw counters for last fragments. Use `grep ^LTC | cut -f 2-` to extract this part. The columns are: A,C,G,T,N base counters
LTC	9709715	6086451	5869619	10011321	0
# Insert sizes. Use `grep ^IS | cut -f 2-` to extract this part. The columns are: insert size, pairs total, inward oriented pairs, outward oriented pairs, other pairs
IS	0	0	0	0	0
IS	1	0	0	0	0
IS	2	0	0	0	0
IS	3	0	0	0	0
IS	4	0	0	0	0
IS	5	0	0	0	0
IS	6	0	0	0	0
IS	7	0	0	0	0
IS	8	0	0	0	0
IS	9	0	0	0	0
IS	10	0	0	0	0
IS	11	0	0	0	0
IS	12	0	0	0	0
IS	13	0	0	0	0
IS	14	0	0	0	0
IS	15	0	0	0	0
IS	16	0	0	0	0
IS	17	0	0	0	0
IS	18	0	0	0	0
IS	19	0	0	0	0
IS	20	0	0	0	0
IS	21	0	0	0	0
IS	22	0	0	0	0
IS	23	0	0	0	0
IS	24	0	0	0	0
IS	25	0	0	0	0
IS	26	0	0	0	0
IS	27	0	0	0	0
IS	28	0	0	0	0
IS	29	0	0	0	0
IS	30	0	0	0	0
IS	31	0	0	0	0
IS	32	0	0	0	0
IS	33	0	0	0	0
IS	34	0	0	0	0
IS	35	0	0	0	0
IS	36	0	0	0	0
IS	37	0	0	0	0
IS	38	0	0	0	0
IS	39	0	0	0	0
IS	40	0	0	0	0
IS	41	0	0	0	0
IS	42	0	0	0	0
IS	43	0	0	0	0
IS	44	0	0	0	0
IS	45	0	0	0	0
IS	46	0	0	0	0
IS	47	0	0	0	0
IS	48	0	0	0	0
IS	49	0	0	0	0
IS	50	0	0	0	0
IS	51	0	0	0	0
IS	52	0	0	0	0
IS	53	0	0	0	0
IS	54	0	0	0	0
IS	55	0	0	0	0
IS	56	0	0	0	0
IS	57	0	0	0	0
IS	58	0	0	0	0
IS	59	0	0	0	0
IS	60	0	0	0	0
IS	61	0	0	0	0
IS	62	0	0	0	0
IS	63	0	0	0	0
IS	64	0	0	0	0
IS	65	0	0	0	0
IS	66	0	0	0	0
IS	67	0	0	0	0
IS	68	0	0	0	0
IS	69	0	0	0	0
IS	70	0	0	0	0
IS	71	0	0	0	0
IS	72	0	0	0	0
IS	73	0	0	0	0
IS	74	0	0	0	0
IS	75	0	0	0	0
IS	76	0	0	0	0
IS	77	0	0	0	0
IS	78	0	0	0	0
IS	79	0	0	0	0
IS	80	0	0	0	0
IS	81	0	0	0	0
IS	82	0	0	0	0
IS	83	0	0	0	0
IS	84	0	0	0	0
IS	85	0	0	0	0
IS	86	0	0	0	0
IS	87	0	0	0	0
IS	88	0	0	0	0
IS	89	0	0	0	0
IS	90	0	0	0	0
IS	91	0	0	0	0
IS	92	1	0	1	0
IS	93	0	0	0	0
IS	94	0	0	0	0
IS	95	0	0	0	0
IS	96	0	0	0	0
IS	97	0	0	0	0
IS	98	0	0	0	0
IS	99	0	0	0	0
IS	100	0	0	0	0
IS	101	0	0	0	0
IS	102	0	0	0	0
IS	103	0	0	0	0
IS	104	0	0	0	0
IS	105	0	0	0	0
IS	106	0	0	0	0
IS	107	0	0	0	0
IS	108	0	0	0	0
IS	109	0	0	0	0
IS	110	0	0	0	0
IS	111	0	0	0	0
IS	112	0	0	0	0
IS	113	0	0	0	0
IS	114	0	0	0	0
IS	115	0	0	0	0
IS	116	0	0	0	0
IS	117	0	0	0	0
IS	118	0	0	0	0
IS	119	0	0	0	0
IS	120	0	0	0	0
IS	121	0	0	0	0
IS	122	0	0	0	0
IS	123	0	0	0	0
IS	124	0	0	0	0
IS	125	0	0	0	0
IS	126	0	0	0	0
IS	127	0	0	0	0
IS	128	0	0	0	0
IS	129	0	0	0	0
IS	130	0	0	0	0
IS	131	0	0	0	0
IS	132	0	0	0	0
IS	133	0	0	0	0
IS	134	0	0	0	0
IS	135	0	0	0	0
IS	136	0	0	0	0
IS	137	0	0	0	0
IS	138	0	0	0	0
IS	139	0	0	0	0
IS	140	0	0	0	0
IS	141	0	0	0	0
IS	142	0	0	0	0
IS	143	0	0	0	0
IS	144	0	0	0	0
IS	145	0	0	0	0
IS	146	0	0	0	0
IS	147	0	0	0	0
IS	148	0	0	0	0
IS	149	0	0	0	0
IS	150	0	0	0	0
IS	151	0	0	0	0
IS	152	2	2	0	0
IS	153	0	0	0	0
IS	154	0	0	0	0
IS	155	0	0	0	0
IS	156	2	2	0	0
IS	157	1	1	0	0
IS	158	3	3	0	0
IS	159	1	1	0	0
IS	160	5	5	0	0
IS	161	5	5	0	0
IS	162	1	1	0	0
IS	163	13	13	0	0
IS	164	9	9	0	0
IS	165	23	23	0	0
IS	166	27	27	0	0
IS	167	52	52	0	0
IS	168	71	71	0	0
IS	169	78	78	0	0
IS	170	123	123	0	0
IS	171	147	147	0	0
IS	172	199	199	0	0
IS	173	263	263	0	0
IS	174	352	352	0	0
IS	175	387	387	0	0
IS	176	548	548	0	0
IS	177	695	695	0	0
IS	178	861	861	0	0
IS	179	1011	1011	0	0
IS	180	1258	1258	0	0
IS	181	1514	1514	0	0
IS	182	1753	1753	0	0
IS	183	2230	2230	0	0
IS	184	2527	2527	0	0
IS	185	2844	2844	0	0
IS	186	3429	3429	0	0
IS	187	3925	3925	0	0
IS	188	4263	4263	0	0
IS	189	4890	4890	0	0
IS	190	5371	5371	0	0
IS	191	5836	5836	0	0
IS	192	6293	6293	0	0
IS	193	6914	6914	0	0
IS	194	7323	7323	0	0
IS	195	7373	7373	0	0
IS	196	8048	8048	0	0
IS	197	8222	8222	0	0
IS	198	8389	8389	0	0
IS	199	8516	8516	0	0
IS	200	8313	8313	0	0
IS	201	8564	8564	0	0
IS	202	8241	8241	0	0
IS	203	7912	7912	0	0
IS	204	7533	7533	0	0
IS	205	7221	7221	0	0
IS	206	6683	6683	0	0
IS	207	6346	6346	0	0
IS	208	5857	5857	0	0
IS	209	5328	5328	0	0
IS	210	4959	4959	0	0
IS	211	4461	4461	0	0
IS	212	3795	3795	0	0
IS	213	3336	3336	0	0
IS	214	2941	2941	0	0
IS	215	2444	2444	0	0
IS	216	2149	2149	0	0
IS	217	1830	1830	0	0
IS	218	1452	1452	0	0
IS	219	1300	1300	0	0
IS	220	952	952	0	0
IS	221	817	817	0	0
IS	222	700	700	0	0
IS	223	511	511	0	0
# Read lengths. Use `grep ^RL | cut -f 2-` to extract this part. The columns are: read length, count
RL	36	1
RL	37	1
RL	41	2
RL	42	3
RL	44	1
RL	45	1
RL	48	3
RL	49	1
RL	50	1
RL	53	1
RL	54	2
RL	56	2
RL	59	1
RL	61	2
RL	64	1
RL	65	1
RL	68	1
RL	70	1
RL	71	1
RL	73	2
RL	74	1
RL	75	1
RL	77	1
RL	78	3
RL	81	2
RL	82	1
RL	83	1
RL	84	1
RL	85	1
RL	86	4
RL	87	1
RL	88	1
RL	89	1
RL	90	1
RL	92	2
RL	93	2
RL	95	3
RL	100	2
RL	101	3
RL	103	2
RL	104	1
RL	105	1
RL	108	1
RL	109	1
RL	110	1
RL	111	2
RL	118	1
RL	120	1
RL	123	2
RL	124	1
RL	127	1
RL	131	1
RL	138	1
RL	140	1
RL	149	2
RL	150	422331
# Read lengths - first fragments. Use `grep ^FRL | cut -f 2-` to extract this part. The columns are: read length, count
FRL	42	1
FRL	48	2
FRL	54	1
FRL	56	2
FRL	61	1
FRL	71	1
FRL	74	1
FRL	75	1
FRL	78	1
FRL	84	1
FRL	85	1
FRL	86	1
FRL	90	1
FRL	101	1
FRL	105	1
FRL	108	1
FRL	109	1
FRL	110	1
FRL	111	1
FRL	118	1
FRL	120	1
FRL	123	1
FRL	150	211182
# Read lengths - last fragments. Use `grep ^LRL | cut -f 2-` to extract this part. The columns are: read length, count
LRL	36	1
LRL	37	1
LRL	41	2
LRL	42	2
LRL	44	1
LRL	45	1
LRL	48	1
LRL	49	1
LRL	50	1
LRL	53	1
LRL	54	1
LRL	59	1
LRL	61	1
LRL	64	1
LRL	65	1
LRL	68	1
LRL	70	1
LRL	73	2
LRL	77	1
LRL	78	2
LRL	81	2
LRL	82	1
LRL	83	1
LRL	86	3
LRL	87	1
LRL	88	1
LRL	89	1
LRL	92	2
LRL	93	2
LRL	95	3
LRL	100	2
LRL	101	2
LRL	103	2
LRL	104	1
LRL	111	1
LRL	123	1
LRL	124	1
LRL	127	1
LRL	131	1
LRL	138	1
LRL	140	1
LRL	149	2
LRL	150	211149
# Mapping qualities for reads !(UNMAP|SECOND|SUPPL|QCFAIL|DUP). Use `grep ^MAPQ | cut -f 2-` to extract this part. The columns are: mapq, count
MAPQ	0	32135
MAPQ	1	14
MAPQ	2	14
MAPQ	3	18
MAPQ	4	4
MAPQ	5	14
MAPQ	6	6
MAPQ	7	16
MAPQ	8	6
MAPQ	9	24
MAPQ	10	2
MAPQ	11	18
MAPQ	12	4
MAPQ	13	12
MAPQ	14	8
MAPQ	15	22
MAPQ	16	2
MAPQ	17	60
MAPQ	18	10
MAPQ	19	16
MAPQ	20	24
MAPQ	21	44
MAPQ	22	68
MAPQ	23	100
MAPQ	24	114
MAPQ	25	68
MAPQ	26	8
MAPQ	27	468
MAPQ	28	4
MAPQ	29	22
MAPQ	30	11
MAPQ	31	23
MAPQ	32	10
MAPQ	33	48
MAPQ	34	4
MAPQ	35	8
MAPQ	36	21
MAPQ	37	10
MAPQ	38	4
MAPQ	39	140
MAPQ	40	1252
MAPQ	41	62
MAPQ	42	19
MAPQ	43	109
MAPQ	44	124
MAPQ	45	223
MAPQ	46	156
MAPQ	47	42
MAPQ	48	777
MAPQ	49	12
MAPQ	50	58
MAPQ	51	21
MAPQ	52	186
MAPQ	53	11
MAPQ	54	6
MAPQ	55	11
MAPQ	56	11
MAPQ	57	333
MAPQ	58	2
MAPQ	59	84
MAPQ	60	385309
# Indel distribution. Use `grep ^ID | cut -f 2-` to extract this part. The columns are: length, number of insertions, number of deletions
ID	1	155	173
ID	2	31	4
ID	3	12	0
ID	4	8	0
ID	12	0	22
ID	32	0	5
# Indels per cycle. Use `grep ^IC | cut -f 2-` to extract this part. The columns are: cycle, number of insertions (fwd), .. (rev) , number of deletions (fwd), .. (rev)
IC	3	0	0	0	1
IC	4	0	1	0	1
IC	5	1	2	0	1
IC	6	0	0	0	2
IC	7	0	0	0	2
IC	8	1	1	2	0
IC	9	4	0	1	1
IC	10	1	3	0	1
IC	11	2	1	0	4
IC	12	1	1	1	2
IC	13	0	0	2	1
IC	14	0	0	0	1
IC	15	1	0	0	1
IC	16	0	1	0	0
IC	17	2	0	0	0
IC	18	1	0	0	1
IC	19	0	1	1	2
IC	20	0	3	0	1
IC	21	2	0	0	0
IC	22	0	1	1	1
IC	23	2	0	0	1
IC	24	1	1	0	3
IC	25	1	1	1	1
IC	26	0	0	1	1
IC	27	1	1	0	2
IC	28	0	0	1	1
IC	29	1	0	0	1
IC	30	0	0	1	1
IC	31	1	0	0	1
IC	32	0	0	0	1
IC	35	1	1	0	1
IC	36	0	0	0	2
IC	37	0	1	0	2
IC	38	2	2	0	0
IC	39	1	3	0	0
IC	40	1	2	0	0
IC	41	1	2	0	2
IC	42	0	0	0	2
IC	43	0	1	1	1
IC	44	0	4	0	1
IC	45	0	1	0	2
IC	46	1	2	1	1
IC	47	0	0	1	2
IC	48	1	1	0	2
IC	49	1	1	1	2
IC	50	1	1	0	0
IC	51	0	1	1	1
IC	52	1	0	0	1
IC	53	2	2	0	3
IC	54	0	0	1	0
IC	58	2	2	0	1
IC	59	0	2	0	0
IC	60	0	1	1	1
IC	61	0	3	0	1
IC	62	0	1	0	2
IC	64	2	1	1	0
IC	65	0	0	1	1
IC	66	1	2	0	4
IC	67	1	0	1	0
IC	68	2	0	1	0
IC	69	1	1	1	4
IC	70	1	1	0	1
IC	71	1	0	0	1
IC	72	0	1	0	1
IC	73	0	1	0	1
IC	74	0	1	0	2
IC	75	2	0	0	4
IC	78	0	0	0	3
IC	79	0	2	1	1
IC	80	0	0	0	2
IC	82	2	3	0	3
IC	83	1	1	0	2
IC	84	0	2	0	0
IC	85	0	4	0	2
IC	86	0	0	0	2
IC	87	1	0	0	0
IC	88	0	2	1	2
IC	89	0	4	0	0
IC	90	1	0	0	1
IC	91	2	0	1	4
IC	92	0	2	0	0
IC	93	0	1	1	1
IC	94	0	1	0	1
IC	95	1	1	0	2
IC	96	1	1	0	2
IC	97	0	1	0	1
IC	98	1	0	2	1
IC	99	1	0	2	0
IC	100	0	0	0	1
IC	101	1	0	0	0
IC	102	1	2	1	0
IC	104	1	0	0	0
IC	105	2	1	1	3
IC	106	0	1	1	4
IC	108	1	0	0	4
IC	109	0	1	2	1
IC	110	0	1	0	4
IC	111	0	0	1	0
IC	112	0	1	0	0
IC	113	2	1	0	1
IC	114	0	2	0	1
IC	115	0	0	1	1
IC	116	0	1	1	0
IC	117	2	1	0	0
IC	118	1	0	0	2
IC	119	0	2	1	0
IC	120	1	1	2	2
IC	121	1	2	0	2
IC	122	0	2	0	1
IC	123	0	0	0	1
IC	124	1	1	0	1
IC	126	1	2	0	0
IC	127	0	0	0	1
IC	128	1	1	0	0
IC	129	0	0	2	1
IC	130	0	3	0	0
IC	131	0	1	0	1
IC	132	1	2	0	0
IC	133	0	1	1	0
IC	134	0	1	0	1
IC	135	0	1	0	1
IC	137	0	0	1	1
IC	138	0	0	0	1
IC	139	0	0	0	1
IC	140	1	0	0	1
IC	141	2	1	0	1
IC	142	0	1	0	1
IC	143	1	0	0	0
IC	144	1	1	0	0
IC	145	0	1	0	0
IC	146	2	0	0	1
IC	147	0	1	0	1
# Coverage distribution. Use `grep ^COV | cut -f 2-` to extract this part.
COV	[1-1]	1	476
COV	[2-2]	2	500
COV	[3-3]	3	734
COV	[4-4]	4	1488
COV	[5-5]	5	3217
COV	[6-6]	6	6401
COV	[7-7]	7	11225
COV	[8-8]	8	20707
COV	[9-9]	9	32018
COV	[10-10]	10	47374
COV	[11-11]	11	68154
COV	[12-12]	12	90022
COV	[13-13]	13	116139
COV	[14-14]	14	141405
COV	[15-15]	15	166002
COV	[16-16]	16	186142
COV	[17-17]	17	205659
COV	[18-18]	18	216782
COV	[19-19]	19	221887
COV	[20-20]	20	220011
COV	[21-21]	21	209946
COV	[22-22]	22	194889
COV	[23-23]	23	175861
COV	[24-24]	24	157101
COV	[25-25]	25	136991
COV	[26-26]	26	115261
COV	[27-27]	27	96625
COV	[28-28]	28	78238
COV	[29-29]	29	62013
COV	[30-30]	30	47684
COV	[31-31]	31	35011
COV	[32-32]	32	27031
COV	[33-33]	33	20222
COV	[34-34]	34	14568
COV	[35-35]	35	10841
COV	[36-36]	36	7906
COV	[37-37]	37	5783
COV	[38-38]	38	4203
COV	[39-39]	39	2840
COV	[40-40]	40	1879
COV	[41-41]	41	1307
COV	[42-42]	42	860
COV	[43-43]	43	539
COV	[44-44]	44	388
COV	[45-45]	45	279
COV	[46-46]	46	218
COV	[47-47]	47	130
COV	[48-48]	48	70
COV	[49-49]	49	76
COV	[50-50]	50	67
COV	[51-51]	51	58
COV	[52-52]	52	81
COV	[53-53]	53	57
COV	[54-54]	54	27
COV	[55-55]	55	29
COV	[56-56]	56	28
COV	[57-57]	57	9
COV	[58-58]	58	4
COV	[59-59]	59	4
COV	[60-60]	60	3
# GC-depth. Use `grep ^GCD | cut -f 2-` to extract this part. The columns are: GC%, unique sequence percentiles, 10th, 25th, 50th, 75th and 90th depth percentile
GCD	0.0	1.227	0.000	0.000	0.000	0.000	0.000
GCD	30.0	1.840	9.299	9.299	9.299	9.299	9.299
GCD	31.0	2.454	19.933	19.933	19.933	19.933	19.933
GCD	32.0	3.681	17.316	17.316	18.853	20.391	20.391
GCD	33.0	4.908	20.361	20.361	20.436	20.511	20.511
GCD	34.0	7.362	19.648	19.688	19.952	20.616	20.788
GCD	35.0	12.883	19.348	19.480	19.716	20.470	20.788
GCD	36.0	21.472	11.508	19.324	20.027	20.359	20.694
GCD	37.0	39.264	19.063	19.543	19.918	20.451	20.766
GCD	38.0	64.417	18.688	19.697	20.061	20.282	20.733
GCD	39.0	87.730	19.336	19.706	19.967	20.218	20.694
GCD	40.0	96.319	19.375	19.699	20.065	20.449	20.938
GCD	41.0	99.387	19.273	19.731	20.301	20.500	20.511
GCD	44.0	100.000	19.911	19.911	19.911	19.911	19.911
